Size: 2452
Order: 2114
Assortativity: -0.5423808
Transitivity: 0.00102
Degree: 0.0010979
Coreness: 1.0
Number_Triangles: 0.0
Number_Cliques: 2182
Clique_number: 4
Clustering: 0.1055355
Edge_connectivity: 1
Betweeness: 0.0008499
Centrality: 0.3659748
Communicability: 1.13251121246e+12
Density: 0.0010979
Diameter: 8.0
Eccentricity: 6.0
Pagerank: 0
Radius: 4.0
Square_clustering: 0.0037584
