Size: 370
Order: 345
Assortativity: -0.6410233
Transitivity: 0.00295
Degree: 0.0062353
Coreness: 1.0
Number_Triangles: 0.0
Number_Cliques: 341
Clique_number: 4
Clustering: 0.0543196
Edge_connectivity: 1
Betweeness: 0.0057943
Centrality: 0.3401514
Communicability: 6598.3096356
Density: 0.0062353
Diameter: 6.0
Eccentricity: 4.0
Pagerank: 0
Radius: 3.0
Square_clustering: 0.0009598
