Size: 624
Order: 550
Assortativity: -0.6910587
Transitivity: 0.00638
Degree: 0.0041331
Coreness: 1.0
Number_Triangles: 0.0
Number_Cliques: 566
Clique_number: 4
Clustering: 0.0732328
Edge_connectivity: 1
Betweeness: 0.0048477
Centrality: 0.2751769
Communicability: 630.3586563
Density: 0.0041331
Diameter: 6.0
Eccentricity: 5.0
Pagerank: 0
Radius: 4.0
Square_clustering: 0.0011075
