Size: 165
Order: 102
Assortativity: -0.4841086
Transitivity: 0.11166
Degree: 0.0320326
Coreness: 1.0
Number_Triangles: 2.0
Number_Cliques: 109
Clique_number: 4
Clustering: 0.2410186
Edge_connectivity: 1
Betweeness: 0.0206329
Centrality: 0.3382749
Communicability: 67.9068184
Density: 0.0320326
Diameter: 7.0
Eccentricity: 5.0
Pagerank: 0.0098039
Radius: 4.0
Square_clustering: 0.0225519
