Size: 2920
Order: 2067
Assortativity: -0.4939122
Transitivity: 0.00672
Degree: 0.0013675
Coreness: 1.0
Number_Triangles: 0.0
Number_Cliques: 2464
Clique_number: 5
Clustering: 0.1388278
Edge_connectivity: 1
Betweeness: 0.0015058
Centrality: 0.2482141
Communicability: 1389046.41469
Density: 0.0013675
Diameter: 10.0
Eccentricity: 7.0
Pagerank: 0
Radius: 5.0
Square_clustering: 0.0023654
