Size: 1416
Order: 1086
Assortativity: -0.3684437
Transitivity: 0.01184
Degree: 0.0024034
Coreness: 1.0
Number_Triangles: 0.0
Number_Cliques: 1153
Clique_number: 6
Clustering: 0.14916
Edge_connectivity: 1
Betweeness: 0.0029388
Centrality: 0.2443083
Communicability: 64241.644053
Density: 0.0024034
Diameter: 9.0
Eccentricity: 6.0
Pagerank: 0
Radius: 5.0
Square_clustering: 0.0083218
