Size: 239
Order: 103
Assortativity: -0.7792213
Transitivity: 0.08455
Degree: 0.0454978
Coreness: 2.0
Number_Triangles: 4.0
Number_Cliques: 185
Clique_number: 4
Clustering: 0.3335773
Edge_connectivity: 1
Betweeness: 0.0137517
Centrality: 0.4257647
Communicability: 2203.5119713
Density: 0.0454978
Diameter: 4.0
Eccentricity: 3.0
Node_connectivity: 1.8324767
Pagerank: 0.0097087
Radius: 2.0
Square_clustering: 0.0559895
