Size: 279
Order: 106
Assortativity: -0.7971436
Transitivity: 0.09022
Degree: 0.0501348
Coreness: 2.0
Number_Triangles: 5.0
Number_Cliques: 178
Clique_number: 6
Clustering: 0.3128643
Edge_connectivity: 1
Betweeness: 0.0130831
Centrality: 0.431599
Communicability: 4713.0619515
Density: 0.0501348
Diameter: 4.0
Eccentricity: 3.0
Node_connectivity: 2.075292
Pagerank: 0.009434
Radius: 2.0
Square_clustering: 0.0347804
