Size: 329
Order: 311
Assortativity: -0.6372803
Transitivity: 0.0
Degree: 0.006825
Coreness: 1.0
Number_Triangles: 0.0
Number_Cliques: 329
Clique_number: 2
Clustering: 0.0
Edge_connectivity: 1
Betweeness: 0.0064223
Centrality: 0.3479478
Communicability: 8500.9722055
Density: 0.006825
Diameter: 7.0
Eccentricity: 5.0
Pagerank: 0
Radius: 4.0
Square_clustering: 0.0195936
