Size: 727
Order: 529
Assortativity: -0.6496755
Transitivity: 0.0
Degree: 0.0052056
Coreness: 1.0
Number_Triangles: 0.0
Number_Cliques: 727
Clique_number: 2
Clustering: 0.0
Edge_connectivity: 1
Betweeness: 0.0050824
Centrality: 0.2783862
Communicability: 35899.9181493
Density: 0.0052056
Diameter: 10.0
Eccentricity: 7.0
Pagerank: 0
Radius: 5.0
Square_clustering: 0.118775
