Size: 2068
Order: 1002
Assortativity: -0.3298115
Transitivity: 0.0
Degree: 0.0041236
Coreness: 2.0
Number_Triangles: 0.0
Number_Cliques: 2068
Clique_number: 2
Clustering: 0.0
Edge_connectivity: 1
Betweeness: 0.0031443
Centrality: 0.2463555
Communicability: 41211.6151754
Density: 0.0041236
Diameter: 11.0
Eccentricity: 7.0
Pagerank: 0.000998
Radius: 6.0
Square_clustering: 0.1284153
