Size: 111
Order: 100
Assortativity: -0.5756749
Transitivity: 0.0
Degree: 0.0224242
Coreness: 1.0
Number_Triangles: 0.0
Number_Cliques: 111
Clique_number: 2
Clustering: 0.0
Edge_connectivity: 1
Betweeness: 0.0324675
Centrality: 0.2443711
Communicability: 15.5771013
Density: 0.0224242
Diameter: 10.0
Eccentricity: 8.0
Pagerank: 0.01
Radius: 5.0
Square_clustering: 0.0904247
