Size: 891
Order: 505
Assortativity: -0.5044771
Transitivity: 0.0
Degree: 0.0070014
Coreness: 1.0
Number_Triangles: 0.0
Number_Cliques: 891
Clique_number: 2
Clustering: 0.0
Edge_connectivity: 1
Betweeness: 0.0056557
Centrality: 0.2664048
Communicability: 10360.9105013
Density: 0.0070014
Diameter: 9.0
Eccentricity: 7.0
Pagerank: 0.0019802
Radius: 5.0
Square_clustering: 0.1289468
