Size: 418
Order: 312
Assortativity: -0.6067928
Transitivity: 0.0
Degree: 0.0086157
Coreness: 1.0
Number_Triangles: 0.0
Number_Cliques: 418
Clique_number: 2
Clustering: 0.0
Edge_connectivity: 1
Betweeness: 0.0104547
Centrality: 0.2422504
Communicability: 231.6376902
Density: 0.0086157
Diameter: 10.0
Eccentricity: 7.0
Pagerank: 0.0032051
Radius: 6.0
Square_clustering: 0.1777275
