Size: 106
Order: 103
Assortativity: -0.8854203
Transitivity: 0.0
Degree: 0.0201789
Coreness: 1.0
Number_Triangles: 0.0
Number_Cliques: 106
Clique_number: 2
Clustering: 0.0
Edge_connectivity: 1
Betweeness: 0.0102478
Centrality: 0.4956406
Communicability: 206.7735444
Density: 0.0201789
Diameter: 3.0
Eccentricity: 2.0
Pagerank: 0.0097087
Radius: 2.0
Square_clustering: 0.0679612
