Size: 828
Order: 501
Assortativity: -0.502321
Transitivity: 0.0
Degree: 0.0066108
Coreness: 1.0
Number_Triangles: 0.0
Number_Cliques: 828
Clique_number: 2
Clustering: 0.0
Edge_connectivity: 1
Betweeness: 0.0050479
Centrality: 0.2895767
Communicability: 10208.1387276
Density: 0.0066108
Diameter: 9.0
Eccentricity: 6.0
Pagerank: 0
Radius: 5.0
Square_clustering: 0.0783027
