Size: 156
Order: 101
Assortativity: -0.4771871
Transitivity: 0.0
Degree: 0.0308911
Coreness: 1.0
Number_Triangles: 0.0
Number_Cliques: 156
Clique_number: 2
Clustering: 0.0
Edge_connectivity: 1
Betweeness: 0.0305231
Centrality: 0.2625477
Communicability: 137.1578754
Density: 0.0308911
Diameter: 10.0
Eccentricity: 7.0
Pagerank: 0.009901
Radius: 5.0
Square_clustering: 0.4843802
