Size: 347
Order: 303
Assortativity: -0.6018319
Transitivity: 0.0
Degree: 0.0075842
Coreness: 1.0
Number_Triangles: 0.0
Number_Cliques: 347
Clique_number: 2
Clustering: 0.0
Edge_connectivity: 1
Betweeness: 0.0069713
Centrality: 0.3331787
Communicability: 3879.6337176
Density: 0.0075842
Diameter: 7.0
Eccentricity: 5.0
Pagerank: 0
Radius: 4.0
Square_clustering: 0.022013
