Size: 2334
Order: 1001
Assortativity: -0.1758519
Transitivity: 0.0
Degree: 0.0046633
Coreness: 2.0
Number_Triangles: 0.0
Number_Cliques: 2334
Clique_number: 2
Clustering: 0.0
Edge_connectivity: 1
Betweeness: 0.003396
Centrality: 0.2333147
Communicability: 7245.9918927
Density: 0.0046633
Diameter: 10.0
Eccentricity: 8.0
Pagerank: 0.000999
Radius: 6.0
Square_clustering: 0.143486
