Size: 505
Order: 300
Assortativity: -0.2308399
Transitivity: 0.0
Degree: 0.0112598
Coreness: 1.0
Number_Triangles: 0.0
Number_Cliques: 505
Clique_number: 2
Clustering: 0.0
Edge_connectivity: 1
Betweeness: 0.0106577
Centrality: 0.2456519
Communicability: 42.3187842
Density: 0.0112598
Diameter: 8.0
Eccentricity: 6.0
Pagerank: 0.0033333
Radius: 5.0
Square_clustering: 0.2641163
