Size: 348
Order: 328
Assortativity: -0.8245904
Transitivity: 0.0
Degree: 0.0064891
Coreness: 1.0
Number_Triangles: 0.0
Number_Cliques: 348
Clique_number: 2
Clustering: 0.0
Edge_connectivity: 1
Betweeness: 0.0064965
Centrality: 0.3237462
Communicability: 1278.8014473
Density: 0.0064891
Diameter: 6.0
Eccentricity: 4.0
Pagerank: 0
Radius: 3.0
Square_clustering: 0.0124107
