Size: 2306
Order: 1000
Assortativity: -0.2043026
Transitivity: 0.0
Degree: 0.0046166
Coreness: 2.0
Number_Triangles: 0.0
Number_Cliques: 2306
Clique_number: 2
Clustering: 0.0
Edge_connectivity: 1
Betweeness: 0.0036083
Centrality: 0.223551
Communicability: 7147.5550477
Density: 0.0046166
Diameter: 14.0
Eccentricity: 9.0
Pagerank: 0.001
Radius: 7.0
Square_clustering: 0.1426644
