Size: 171
Order: 127
Assortativity: -0.6440879
Transitivity: 0.0
Degree: 0.0213723
Coreness: 1.0
Number_Triangles: 0.0
Number_Cliques: 171
Clique_number: 2
Clustering: 0.0
Edge_connectivity: 1
Betweeness: 0.0179328
Centrality: 0.3207347
Communicability: 73.321236
Density: 0.0213723
Diameter: 9.0
Eccentricity: 6.0
Pagerank: 0.007874
Radius: 5.0
Square_clustering: 0.0766286
