Size: 836
Order: 500
Assortativity: -0.5431321
Transitivity: 0.0
Degree: 0.0067014
Coreness: 1.0
Number_Triangles: 0.0
Number_Cliques: 836
Clique_number: 2
Clustering: 0.0
Edge_connectivity: 1
Betweeness: 0.005317
Centrality: 0.2806408
Communicability: 18185.5456627
Density: 0.0067014
Diameter: 11.0
Eccentricity: 7.0
Pagerank: 0
Radius: 6.0
Square_clustering: 0.0886859
