Size: 451
Order: 368
Assortativity: -0.7511806
Transitivity: 0.0
Degree: 0.0066787
Coreness: 1.0
Number_Triangles: 0.0
Number_Cliques: 451
Clique_number: 2
Clustering: 0.0
Edge_connectivity: 1
Betweeness: 0.0062459
Centrality: 0.3119807
Communicability: 3184.1919458
Density: 0.0066787
Diameter: 10.0
Eccentricity: 7.0
Pagerank: 0
Radius: 5.0
Square_clustering: 0.0284213
