Size: 2364
Order: 1001
Assortativity: -0.1956749
Transitivity: 0.0
Degree: 0.0047233
Coreness: 2.0
Number_Triangles: 0.0
Number_Cliques: 2364
Clique_number: 2
Clustering: 0.0
Edge_connectivity: 1
Betweeness: 0.0033531
Centrality: 0.2350632
Communicability: 12269.0749901
Density: 0.0047233
Diameter: 11.0
Eccentricity: 7.0
Pagerank: 0.000999
Radius: 6.0
Square_clustering: 0.152935
