Size: 106
Order: 101
Assortativity: -0.5627672
Transitivity: 0.0
Degree: 0.0209901
Coreness: 1.0
Number_Triangles: 0.0
Number_Cliques: 106
Clique_number: 2
Clustering: 0.0
Edge_connectivity: 1
Betweeness: 0.0294029
Centrality: 0.2641713
Communicability: 8.9073642
Density: 0.0209901
Diameter: 9.0
Eccentricity: 6.0
Pagerank: 0.009901
Radius: 5.0
Square_clustering: 0.0239562
