Size: 121
Order: 101
Assortativity: -0.6261133
Transitivity: 0.0
Degree: 0.0239604
Coreness: 1.0
Number_Triangles: 0.0
Number_Cliques: 121
Clique_number: 2
Clustering: 0.0
Edge_connectivity: 1
Betweeness: 0.0218582
Centrality: 0.3233551
Communicability: 19.3656231
Density: 0.0239604
Diameter: 6.0
Eccentricity: 5.0
Pagerank: 0.009901
Radius: 4.0
Square_clustering: 0.1272141
