Size: 567
Order: 307
Assortativity: -0.3563665
Transitivity: 0.0
Degree: 0.0120713
Coreness: 2.0
Number_Triangles: 0.0
Number_Cliques: 567
Clique_number: 2
Clustering: 0.0
Edge_connectivity: 1
Betweeness: 0.0109655
Centrality: 0.2365689
Communicability: 170.876436
Density: 0.0120713
Diameter: 11.0
Eccentricity: 8.0
Pagerank: 0.0032573
Radius: 6.0
Square_clustering: 0.163684
