Size: 869
Order: 532
Assortativity: -0.5299737
Transitivity: 0.0
Degree: 0.0061524
Coreness: 1.0
Number_Triangles: 0.0
Number_Cliques: 869
Clique_number: 2
Clustering: 0.0
Edge_connectivity: 1
Betweeness: 0.0056407
Centrality: 0.256239
Communicability: 42315.875323
Density: 0.0061524
Diameter: 10.0
Eccentricity: 6.0
Pagerank: 0
Radius: 5.0
Square_clustering: 0.0848271
