Size: 331
Order: 319
Assortativity: -0.6433275
Transitivity: 0.0
Degree: 0.0065259
Coreness: 1.0
Number_Triangles: 0.0
Number_Cliques: 331
Clique_number: 2
Clustering: 0.0
Edge_connectivity: 1
Betweeness: 0.0122782
Centrality: 0.2071944
Communicability: 193.4673056
Density: 0.0065259
Diameter: 11.0
Eccentricity: 8.0
Pagerank: 0
Radius: 6.0
Square_clustering: 0.0061704
