Size: 1917
Order: 1018
Assortativity: -0.3554642
Transitivity: 0.0
Degree: 0.0037033
Coreness: 2.0
Number_Triangles: 0.0
Number_Cliques: 1917
Clique_number: 2
Clustering: 0.0
Edge_connectivity: 1
Betweeness: 0.0031389
Centrality: 0.2440443
Communicability: 34886.156954
Density: 0.0037033
Diameter: 11.0
Eccentricity: 8.0
Pagerank: 0.0009823
Radius: 6.0
Square_clustering: 0.1743967
