Size: 122
Order: 118
Assortativity: -0.617715
Transitivity: 0.0
Degree: 0.0176735
Coreness: 1.0
Number_Triangles: 0.0
Number_Cliques: 122
Clique_number: 2
Clustering: 0.0
Edge_connectivity: 1
Betweeness: 0.0205358
Centrality: 0.3165187
Communicability: 75.0821924
Density: 0.0176735
Diameter: 10.0
Eccentricity: 9.0
Pagerank: 0
Radius: 5.0
Square_clustering: 0.0452655
