Size: 420
Order: 303
Assortativity: -0.4726207
Transitivity: 0.0
Degree: 0.0091797
Coreness: 1.0
Number_Triangles: 0.0
Number_Cliques: 420
Clique_number: 2
Clustering: 0.0
Edge_connectivity: 1
Betweeness: 0.0085087
Centrality: 0.2905694
Communicability: 1091.9790448
Density: 0.0091797
Diameter: 10.0
Eccentricity: 7.0
Pagerank: 0.0033003
Radius: 5.0
Square_clustering: 0.0497718
