Size: 821
Order: 500
Assortativity: -0.5123906
Transitivity: 0.0
Degree: 0.0065812
Coreness: 1.0
Number_Triangles: 0.0
Number_Cliques: 821
Clique_number: 2
Clustering: 0.0
Edge_connectivity: 1
Betweeness: 0.0056613
Centrality: 0.267849
Communicability: 12620.857543
Density: 0.0065812
Diameter: 9.0
Eccentricity: 6.0
Pagerank: 0
Radius: 5.0
Square_clustering: 0.2255385
