Size: 2400
Order: 1001
Assortativity: -0.207794
Transitivity: 0.0
Degree: 0.0047952
Coreness: 2.0
Number_Triangles: 0.0
Number_Cliques: 2400
Clique_number: 2
Clustering: 0.0
Edge_connectivity: 1
Betweeness: 0.0033822
Centrality: 0.233491
Communicability: 14468.9263437
Density: 0.0047952
Diameter: 11.0
Eccentricity: 8.0
Pagerank: 0.000999
Radius: 6.0
Square_clustering: 0.1465484
