Size: 473
Order: 300
Assortativity: -0.6470058
Transitivity: 0.0
Degree: 0.0105463
Coreness: 1.0
Number_Triangles: 0.0
Number_Cliques: 473
Clique_number: 2
Clustering: 0.0
Edge_connectivity: 1
Betweeness: 0.0090968
Centrality: 0.2767775
Communicability: 14681.4188458
Density: 0.0105463
Diameter: 8.0
Eccentricity: 6.0
Pagerank: 0
Radius: 4.0
Square_clustering: 0.197908
