Size: 126
Order: 104
Assortativity: -0.4505328
Transitivity: 0.0
Degree: 0.023525
Coreness: 1.0
Number_Triangles: 0.0
Number_Cliques: 126
Clique_number: 2
Clustering: 0.0
Edge_connectivity: 1
Betweeness: 0.0251212
Centrality: 0.2955327
Communicability: 25.3303067
Density: 0.023525
Diameter: 9.0
Eccentricity: 6.0
Pagerank: 0.0096154
Radius: 5.0
Square_clustering: 0.1070385
