Size: 765
Order: 502
Assortativity: -0.4810078
Transitivity: 0.0
Degree: 0.0060835
Coreness: 1.0
Number_Triangles: 0.0
Number_Cliques: 765
Clique_number: 2
Clustering: 0.0
Edge_connectivity: 1
Betweeness: 0.005443
Centrality: 0.2744251
Communicability: 1953.1755919
Density: 0.0060835
Diameter: 9.0
Eccentricity: 7.0
Pagerank: 0
Radius: 5.0
Square_clustering: 0.0409632
