Size: 510
Order: 300
Assortativity: -0.5521316
Transitivity: 0.0
Degree: 0.0113712
Coreness: 1.0
Number_Triangles: 0.0
Number_Cliques: 510
Clique_number: 2
Clustering: 0.0
Edge_connectivity: 1
Betweeness: 0.0088867
Centrality: 0.2812913
Communicability: 1635.7556009
Density: 0.0113712
Diameter: 10.0
Eccentricity: 7.0
Pagerank: 0.0033333
Radius: 5.0
Square_clustering: 0.1284695
