Size: 141
Order: 117
Assortativity: -0.4560501
Transitivity: 0.0
Degree: 0.0207781
Coreness: 1.0
Number_Triangles: 0.0
Number_Cliques: 141
Clique_number: 2
Clustering: 0.0
Edge_connectivity: 1
Betweeness: 0.0271223
Centrality: 0.2601109
Communicability: 47.6276568
Density: 0.0207781
Diameter: 9.0
Eccentricity: 8.0
Pagerank: 0.008547
Radius: 5.0
Square_clustering: 0.1404524
