Size: 1071
Order: 500
Assortativity: -0.2735851
Transitivity: 0.0
Degree: 0.0085852
Coreness: 2.0
Number_Triangles: 0.0
Number_Cliques: 1071
Clique_number: 2
Clustering: 0.0
Edge_connectivity: 1
Betweeness: 0.0064954
Centrality: 0.2420546
Communicability: 1172.3112633
Density: 0.0085852
Diameter: 10.0
Eccentricity: 8.0
Pagerank: 0.002
Radius: 5.0
Square_clustering: 0.1801656
