Size: 655
Order: 554
Assortativity: -0.5313972
Transitivity: 0.0
Degree: 0.004276
Coreness: 1.0
Number_Triangles: 0.0
Number_Cliques: 655
Clique_number: 2
Clustering: 0.0
Edge_connectivity: 1
Betweeness: 0.0038406
Centrality: 0.3318217
Communicability: 310705.783384
Density: 0.004276
Diameter: 10.0
Eccentricity: 6.0
Pagerank: 0
Radius: 5.0
Square_clustering: 0.01319
