Size: 1442
Order: 1008
Assortativity: -0.3825932
Transitivity: 0.0
Degree: 0.0028412
Coreness: 1.0
Number_Triangles: 0.0
Number_Cliques: 1442
Clique_number: 2
Clustering: 0.0
Edge_connectivity: 1
Betweeness: 0.0027738
Centrality: 0.268494
Communicability: 245325.44407
Density: 0.0028412
Diameter: 9.0
Eccentricity: 6.0
Pagerank: 0
Radius: 5.0
Square_clustering: 0.0177652
