Size: 102
Order: 101
Assortativity: -0.5678485
Transitivity: 0.0
Degree: 0.020198
Coreness: 1.0
Number_Triangles: 0.0
Number_Cliques: 102
Clique_number: 2
Clustering: 0.0
Edge_connectivity: 1
Betweeness: 0.0247225
Centrality: 0.3037036
Communicability: 23.8420708
Density: 0.020198
Diameter: 9.0
Eccentricity: 6.0
Pagerank: 0.009901
Radius: 5.0
Square_clustering: 0.0148525
