Size: 127
Order: 115
Assortativity: -0.7090628
Transitivity: 0.0
Degree: 0.0193745
Coreness: 1.0
Number_Triangles: 0.0
Number_Cliques: 127
Clique_number: 2
Clustering: 0.0
Edge_connectivity: 1
Betweeness: 0.0118683
Centrality: 0.4405361
Communicability: 208.0173914
Density: 0.0193745
Diameter: 5.0
Eccentricity: 4.0
Pagerank: 0
Radius: 3.0
Square_clustering: 0.0404866
