Size: 510
Order: 319
Assortativity: -0.6108986
Transitivity: 0.0
Degree: 0.010055
Coreness: 1.0
Number_Triangles: 0.0
Number_Cliques: 510
Clique_number: 2
Clustering: 0.0
Edge_connectivity: 1
Betweeness: 0.0076175
Centrality: 0.2975439
Communicability: 1613.100825
Density: 0.010055
Diameter: 8.0
Eccentricity: 5.0
Pagerank: 0.0031348
Radius: 4.0
Square_clustering: 0.1293255
