Size: 1004
Order: 506
Assortativity: -0.3386093
Transitivity: 0.0
Degree: 0.0078582
Coreness: 2.0
Number_Triangles: 0.0
Number_Cliques: 1004
Clique_number: 2
Clustering: 0.0
Edge_connectivity: 1
Betweeness: 0.0060409
Centrality: 0.2529978
Communicability: 1701.4244148
Density: 0.0078582
Diameter: 9.0
Eccentricity: 6.0
Pagerank: 0.0019763
Radius: 5.0
Square_clustering: 0.1495947
