Size: 518
Order: 304
Assortativity: -0.4395981
Transitivity: 0.0
Degree: 0.0112472
Coreness: 1.0
Number_Triangles: 0.0
Number_Cliques: 518
Clique_number: 2
Clustering: 0.0
Edge_connectivity: 1
Betweeness: 0.0097528
Centrality: 0.2682229
Communicability: 13584.8945657
Density: 0.0112472
Diameter: 11.0
Eccentricity: 7.0
Pagerank: 0.0032895
Radius: 6.0
Square_clustering: 0.1998576
