Size: 2321
Order: 1000
Assortativity: -0.1731352
Transitivity: 0.0
Degree: 0.0046466
Coreness: 2.0
Number_Triangles: 0.0
Number_Cliques: 2321
Clique_number: 2
Clustering: 0.0
Edge_connectivity: 1
Betweeness: 0.0035468
Centrality: 0.2261278
Communicability: 11268.0973251
Density: 0.0046466
Diameter: 14.0
Eccentricity: 9.0
Pagerank: 0.001
Radius: 7.0
Square_clustering: 0.1756355
