Size: 895
Order: 500
Assortativity: -0.5179471
Transitivity: 0.0
Degree: 0.0071743
Coreness: 1.0
Number_Triangles: 0.0
Number_Cliques: 895
Clique_number: 2
Clustering: 0.0
Edge_connectivity: 1
Betweeness: 0.0052995
Centrality: 0.280893
Communicability: 17762.5710185
Density: 0.0071743
Diameter: 9.0
Eccentricity: 6.0
Pagerank: 0.002
Radius: 5.0
Square_clustering: 0.0932459
