Size: 467
Order: 316
Assortativity: -0.431781
Transitivity: 0.0
Degree: 0.0093832
Coreness: 1.0
Number_Triangles: 0.0
Number_Cliques: 467
Clique_number: 2
Clustering: 0.0
Edge_connectivity: 1
Betweeness: 0.0090278
Centrality: 0.2681661
Communicability: 203.4220591
Density: 0.0093832
Diameter: 11.0
Eccentricity: 7.0
Pagerank: 0.0031646
Radius: 6.0
Square_clustering: 0.1970033
