Size: 1012
Order: 500
Assortativity: -0.3545753
Transitivity: 0.0
Degree: 0.0081122
Coreness: 2.0
Number_Triangles: 0.0
Number_Cliques: 1012
Clique_number: 2
Clustering: 0.0
Edge_connectivity: 1
Betweeness: 0.0061135
Centrality: 0.2536232
Communicability: 2196.9709316
Density: 0.0081122
Diameter: 13.0
Eccentricity: 9.0
Pagerank: 0.002
Radius: 7.0
Square_clustering: 0.1877888
