Size: 124
Order: 116
Assortativity: -0.7672217
Transitivity: 0.0
Degree: 0.0185907
Coreness: 1.0
Number_Triangles: 0.0
Number_Cliques: 124
Clique_number: 2
Clustering: 0.0
Edge_connectivity: 1
Betweeness: 0.0106657
Centrality: 0.4625099
Communicability: 260.8294368
Density: 0.0185907
Diameter: 5.0
Eccentricity: 4.0
Pagerank: 0
Radius: 3.0
Square_clustering: 0.0249274
