Size: 2375
Order: 1000
Assortativity: -0.2125191
Transitivity: 0.0
Degree: 0.0047548
Coreness: 2.0
Number_Triangles: 0.0
Number_Cliques: 2375
Clique_number: 2
Clustering: 0.0
Edge_connectivity: 1
Betweeness: 0.0032405
Centrality: 0.2411296
Communicability: 27728.5576944
Density: 0.0047548
Diameter: 10.0
Eccentricity: 7.0
Pagerank: 0.001
Radius: 5.0
Square_clustering: 0.1528489
