Size: 525
Order: 317
Assortativity: -0.4901146
Transitivity: 0.0
Degree: 0.010482
Coreness: 1.0
Number_Triangles: 0.0
Number_Cliques: 525
Clique_number: 2
Clustering: 0.0
Edge_connectivity: 1
Betweeness: 0.007839
Centrality: 0.2999166
Communicability: 33279.9954052
Density: 0.010482
Diameter: 8.0
Eccentricity: 6.0
Pagerank: 0.0031546
Radius: 5.0
Square_clustering: 0.1937345
