Size: 747
Order: 500
Assortativity: -0.684405
Transitivity: 0.0
Degree: 0.005988
Coreness: 1.0
Number_Triangles: 0.0
Number_Cliques: 747
Clique_number: 2
Clustering: 0.0
Edge_connectivity: 1
Betweeness: 0.0051289
Centrality: 0.2867375
Communicability: 36084.600022
Density: 0.005988
Diameter: 9.0
Eccentricity: 6.0
Pagerank: 0
Radius: 5.0
Square_clustering: 0.0982405
