Size: 342
Order: 322
Assortativity: -0.7108431
Transitivity: 0.0
Degree: 0.0066175
Coreness: 1.0
Number_Triangles: 0.0
Number_Cliques: 342
Clique_number: 2
Clustering: 0.0
Edge_connectivity: 1
Betweeness: 0.0048134
Centrality: 0.4114118
Communicability: 55816.5131441
Density: 0.0066175
Diameter: 7.0
Eccentricity: 5.0
Pagerank: 0
Radius: 4.0
Square_clustering: 0.044319
