Size: 115
Order: 101
Assortativity: -0.5779197
Transitivity: 0.0
Degree: 0.0227723
Coreness: 1.0
Number_Triangles: 0.0
Number_Cliques: 115
Clique_number: 2
Clustering: 0.0
Edge_connectivity: 1
Betweeness: 0.0280428
Centrality: 0.276831
Communicability: 38.0861062
Density: 0.0227723
Diameter: 8.0
Eccentricity: 6.0
Pagerank: 0.009901
Radius: 4.0
Square_clustering: 0.1488643
