Size: 921
Order: 501
Assortativity: -0.6743972
Transitivity: 0.0
Degree: 0.0073533
Coreness: 1.0
Number_Triangles: 0.0
Number_Cliques: 921
Clique_number: 2
Clustering: 0.0
Edge_connectivity: 1
Betweeness: 0.00588
Centrality: 0.2596486
Communicability: 134474.889248
Density: 0.0073533
Diameter: 9.0
Eccentricity: 7.0
Pagerank: 0
Radius: 5.0
Square_clustering: 0.4601545
