Size: 1748
Order: 1000
Assortativity: -0.4245706
Transitivity: 0.0
Degree: 0.0034995
Coreness: 1.0
Number_Triangles: 0.0
Number_Cliques: 1748
Clique_number: 2
Clustering: 0.0
Edge_connectivity: 1
Betweeness: 0.0028687
Centrality: 0.263219
Communicability: 182927.887076
Density: 0.0034995
Diameter: 9.0
Eccentricity: 6.0
Pagerank: 0.001
Radius: 5.0
Square_clustering: 0.0807748
