Size: 564
Order: 301
Assortativity: -0.3524784
Transitivity: 0.0
Degree: 0.0124917
Coreness: 2.0
Number_Triangles: 0.0
Number_Cliques: 564
Clique_number: 2
Clustering: 0.0
Edge_connectivity: 1
Betweeness: 0.0105939
Centrality: 0.2468505
Communicability: 541.9357998
Density: 0.0124917
Diameter: 11.0
Eccentricity: 7.0
Pagerank: 0.0033223
Radius: 6.0
Square_clustering: 0.2375405
