Size: 137
Order: 115
Assortativity: -0.5679782
Transitivity: 0.0
Degree: 0.0209001
Coreness: 1.0
Number_Triangles: 0.0
Number_Cliques: 137
Clique_number: 2
Clustering: 0.0
Edge_connectivity: 1
Betweeness: 0.0227712
Centrality: 0.2947559
Communicability: 29.1677759
Density: 0.0209001
Diameter: 9.0
Eccentricity: 7.0
Pagerank: 0.0086957
Radius: 5.0
Square_clustering: 0.085404
