Size: 333
Order: 303
Assortativity: -0.8071769
Transitivity: 0.0
Degree: 0.0072782
Coreness: 1.0
Number_Triangles: 0.0
Number_Cliques: 333
Clique_number: 2
Clustering: 0.0
Edge_connectivity: 1
Betweeness: 0.0085248
Centrality: 0.2864117
Communicability: 787.7643906
Density: 0.0072782
Diameter: 6.0
Eccentricity: 5.0
Pagerank: 0
Radius: 4.0
Square_clustering: 0.0062359
