Size: 1974
Order: 1000
Assortativity: -0.3297719
Transitivity: 0.0
Degree: 0.003952
Coreness: 2.0
Number_Triangles: 0.0
Number_Cliques: 1974
Clique_number: 2
Clustering: 0.0
Edge_connectivity: 1
Betweeness: 0.0030785
Centrality: 0.2510238
Communicability: 84759.8115816
Density: 0.003952
Diameter: 11.0
Eccentricity: 7.0
Pagerank: 0.001
Radius: 6.0
Square_clustering: 0.1282099
