Size: 839
Order: 543
Assortativity: -0.63188
Transitivity: 0.0
Degree: 0.0057015
Coreness: 1.0
Number_Triangles: 0.0
Number_Cliques: 839
Clique_number: 2
Clustering: 0.0
Edge_connectivity: 1
Betweeness: 0.0042323
Centrality: 0.3084271
Communicability: 91851.2583021
Density: 0.0057015
Diameter: 8.0
Eccentricity: 6.0
Pagerank: 0
Radius: 5.0
Square_clustering: 0.1134082
