Size: 111
Order: 107
Assortativity: -0.7171342
Transitivity: 0.0
Degree: 0.0195733
Coreness: 1.0
Number_Triangles: 0.0
Number_Cliques: 111
Clique_number: 2
Clustering: 0.0
Edge_connectivity: 1
Betweeness: 0.0276646
Centrality: 0.2601759
Communicability: 25.5337337
Density: 0.0195733
Diameter: 7.0
Eccentricity: 6.0
Pagerank: 0.0093458
Radius: 4.0
Square_clustering: 0.0596757
