Size: 1969
Order: 1001
Assortativity: -0.3876548
Transitivity: 0.0
Degree: 0.0039341
Coreness: 2.0
Number_Triangles: 0.0
Number_Cliques: 1969
Clique_number: 2
Clustering: 0.0
Edge_connectivity: 1
Betweeness: 0.0030401
Centrality: 0.253114
Communicability: 170884.80801
Density: 0.0039341
Diameter: 9.0
Eccentricity: 6.0
Pagerank: 0.000999
Radius: 5.0
Square_clustering: 0.179669
