Size: 118
Order: 112
Assortativity: -0.7016921
Transitivity: 0.0
Degree: 0.0189833
Coreness: 1.0
Number_Triangles: 0.0
Number_Cliques: 118
Clique_number: 2
Clustering: 0.0
Edge_connectivity: 1
Betweeness: 0.0139581
Centrality: 0.4085728
Communicability: 133.403824
Density: 0.0189833
Diameter: 5.0
Eccentricity: 4.0
Pagerank: 0
Radius: 3.0
Square_clustering: 0.0477818
