Size: 684
Order: 529
Assortativity: -0.4795582
Transitivity: 0.0
Degree: 0.0048977
Coreness: 1.0
Number_Triangles: 0.0
Number_Cliques: 684
Clique_number: 2
Clustering: 0.0
Edge_connectivity: 1
Betweeness: 0.0046124
Centrality: 0.2988464
Communicability: 21545.9806021
Density: 0.0048977
Diameter: 8.0
Eccentricity: 5.0
Pagerank: 0
Radius: 4.0
Square_clustering: 0.0897124
