Size: 408
Order: 364
Assortativity: -0.5657937
Transitivity: 0.0
Degree: 0.0061756
Coreness: 1.0
Number_Triangles: 0.0
Number_Cliques: 408
Clique_number: 2
Clustering: 0.0
Edge_connectivity: 1
Betweeness: 0.0085515
Centrality: 0.250548
Communicability: 174.9399318
Density: 0.0061756
Diameter: 9.0
Eccentricity: 7.0
Pagerank: 0
Radius: 6.0
Square_clustering: 0.0249806
