Size: 111
Order: 108
Assortativity: -0.6239279
Transitivity: 0.0
Degree: 0.0192108
Coreness: 1.0
Number_Triangles: 0.0
Number_Cliques: 111
Clique_number: 2
Clustering: 0.0
Edge_connectivity: 1
Betweeness: 0.0198606
Centrality: 0.3355122
Communicability: 38.6357552
Density: 0.0192108
Diameter: 7.0
Eccentricity: 5.0
Pagerank: 0.0092593
Radius: 4.0
Square_clustering: 0.0121964
