Size: 359
Order: 300
Assortativity: -0.4651538
Transitivity: 0.0
Degree: 0.0080045
Coreness: 1.0
Number_Triangles: 0.0
Number_Cliques: 359
Clique_number: 2
Clustering: 0.0
Edge_connectivity: 1
Betweeness: 0.0111673
Centrality: 0.2408354
Communicability: 246.9463458
Density: 0.0080045
Diameter: 11.0
Eccentricity: 8.0
Pagerank: 0
Radius: 6.0
Square_clustering: 0.0524833
