Size: 2441
Order: 1002
Assortativity: -0.2003747
Transitivity: 0.0
Degree: 0.0048674
Coreness: 2.0
Number_Triangles: 0.0
Number_Cliques: 2441
Clique_number: 2
Clustering: 0.0
Edge_connectivity: 1
Betweeness: 0.0032622
Centrality: 0.2396371
Communicability: 25512.6415322
Density: 0.0048674
Diameter: 10.0
Eccentricity: 7.0
Pagerank: 0.000998
Radius: 5.0
Square_clustering: 0.1401561
