Size: 955
Order: 584
Assortativity: -0.5488447
Transitivity: 0.0
Degree: 0.0056099
Coreness: 1.0
Number_Triangles: 0.0
Number_Cliques: 955
Clique_number: 2
Clustering: 0.0
Edge_connectivity: 1
Betweeness: 0.0046394
Centrality: 0.2750428
Communicability: 30209.560767
Density: 0.0056099
Diameter: 8.0
Eccentricity: 6.0
Pagerank: 0
Radius: 5.0
Square_clustering: 0.0904204
