Size: 736
Order: 515
Assortativity: -0.3942143
Transitivity: 0.0
Degree: 0.0055608
Coreness: 1.0
Number_Triangles: 0.0
Number_Cliques: 736
Clique_number: 2
Clustering: 0.0
Edge_connectivity: 1
Betweeness: 0.0059396
Centrality: 0.2538667
Communicability: 1385.6617177
Density: 0.0055608
Diameter: 10.0
Eccentricity: 7.0
Pagerank: 0
Radius: 6.0
Square_clustering: 0.0677867
