Size: 2300
Order: 1001
Assortativity: -0.2257264
Transitivity: 0.0
Degree: 0.0045954
Coreness: 2.0
Number_Triangles: 0.0
Number_Cliques: 2300
Clique_number: 2
Clustering: 0.0
Edge_connectivity: 1
Betweeness: 0.0035267
Centrality: 0.2269579
Communicability: 8182.3373245
Density: 0.0045954
Diameter: 12.0
Eccentricity: 8.0
Pagerank: 0.000999
Radius: 6.0
Square_clustering: 0.1397481
