Size: 134
Order: 101
Assortativity: -0.52525
Transitivity: 0.0
Degree: 0.0265347
Coreness: 1.0
Number_Triangles: 0.0
Number_Cliques: 134
Clique_number: 2
Clustering: 0.0
Edge_connectivity: 1
Betweeness: 0.0187819
Centrality: 0.3629224
Communicability: 49.451559
Density: 0.0265347
Diameter: 6.0
Eccentricity: 4.0
Pagerank: 0.009901
Radius: 3.0
Square_clustering: 0.162152
