Size: 138
Order: 128
Assortativity: -0.5416199
Transitivity: 0.0
Degree: 0.0169783
Coreness: 1.0
Number_Triangles: 0.0
Number_Cliques: 138
Clique_number: 2
Clustering: 0.0
Edge_connectivity: 1
Betweeness: 0.0201449
Centrality: 0.2956958
Communicability: 60.6833535
Density: 0.0169783
Diameter: 9.0
Eccentricity: 7.0
Pagerank: 0
Radius: 5.0
Square_clustering: 0.0186652
