Size: 877
Order: 503
Assortativity: -0.4527706
Transitivity: 0.0
Degree: 0.0069464
Coreness: 1.0
Number_Triangles: 0.0
Number_Cliques: 877
Clique_number: 2
Clustering: 0.0
Edge_connectivity: 1
Betweeness: 0.0057284
Centrality: 0.264133
Communicability: 8679.875575
Density: 0.0069464
Diameter: 9.0
Eccentricity: 6.0
Pagerank: 0.0019881
Radius: 5.0
Square_clustering: 0.1141312
