Size: 176
Order: 104
Assortativity: -0.804242
Transitivity: 0.0
Degree: 0.0328603
Coreness: 1.0
Number_Triangles: 0.0
Number_Cliques: 176
Clique_number: 2
Clustering: 0.0
Edge_connectivity: 1
Betweeness: 0.0126027
Centrality: 0.4487043
Communicability: 1939.057898
Density: 0.0328603
Diameter: 5.0
Eccentricity: 4.0
Pagerank: 0
Radius: 3.0
Square_clustering: 0.5872585
