Size: 521
Order: 300
Assortativity: -0.4792714
Transitivity: 0.0
Degree: 0.0116165
Coreness: 1.0
Number_Triangles: 0.0
Number_Cliques: 521
Clique_number: 2
Clustering: 0.0
Edge_connectivity: 1
Betweeness: 0.0102804
Centrality: 0.2536928
Communicability: 1180.316454
Density: 0.0116165
Diameter: 10.0
Eccentricity: 7.0
Pagerank: 0.0033333
Radius: 5.0
Square_clustering: 0.1987731
