Size: 1632
Order: 1009
Assortativity: -0.512061
Transitivity: 0.0
Degree: 0.0032092
Coreness: 1.0
Number_Triangles: 0.0
Number_Cliques: 1632
Clique_number: 2
Clustering: 0.0
Edge_connectivity: 1
Betweeness: 0.0024871
Centrality: 0.2901078
Communicability: 2159369.00861
Density: 0.0032092
Diameter: 8.0
Eccentricity: 5.0
Pagerank: 0
Radius: 4.0
Square_clustering: 0.1909668
