Size: 4462
Order: 2000
Assortativity: -0.2236307
Transitivity: 0.0
Degree: 0.0022321
Coreness: 2.0
Number_Triangles: 0.0
Number_Cliques: 4462
Clique_number: 2
Clustering: 0.0
Edge_connectivity: 1
Betweeness: 0.0016448
Centrality: 0.2384756
Communicability: 2485688.50414
Density: 0.0022321
Diameter: 12.0
Eccentricity: 7.0
Pagerank: 0.0005
Radius: 6.0
Square_clustering: 0.1272816
