Size: 382
Order: 315
Assortativity: -0.5778715
Transitivity: 0.0
Degree: 0.0077242
Coreness: 1.0
Number_Triangles: 0.0
Number_Cliques: 382
Clique_number: 2
Clustering: 0.0
Edge_connectivity: 1
Betweeness: 0.0061827
Centrality: 0.3573262
Communicability: 22765.8729921
Density: 0.0077242
Diameter: 8.0
Eccentricity: 6.0
Pagerank: 0
Radius: 5.0
Square_clustering: 0.0365127
