Size: 131
Order: 120
Assortativity: -0.8799564
Transitivity: 0.0
Degree: 0.0183473
Coreness: 1.0
Number_Triangles: 0.0
Number_Cliques: 131
Clique_number: 2
Clustering: 0.0
Edge_connectivity: 1
Betweeness: 0.0212315
Centrality: 0.2930472
Communicability: 22.0856495
Density: 0.0183473
Diameter: 8.0
Eccentricity: 6.0
Pagerank: 0
Radius: 4.0
Square_clustering: 0.0237728
