Size: 2408
Order: 2401
Assortativity: -0.9608066
Transitivity: 1e-05
Degree: 0.0008358
Coreness: 1.0
Number_Triangles: 0.0
Number_Cliques: 2399
Clique_number: 3
Clustering: 0.0029184
Edge_connectivity: 1
Betweeness: 0.0004311
Centrality: 0.4930468
Communicability: 5.13012955006e+17
Density: 0.0008358
Diameter: 4.0
Eccentricity: 3.0
Pagerank: 0
Radius: 2.0
Square_clustering: 0.0005508
