Size: 130
Order: 123
Assortativity: -0.7263635
Transitivity: 0.00113
Degree: 0.0173264
Coreness: 1.0
Number_Triangles: 0.0
Number_Cliques: 128
Clique_number: 3
Clustering: 0.0082247
Edge_connectivity: 1
Betweeness: 0.017604
Centrality: 0.324242
Communicability: 23.5527968
Density: 0.0173264
Diameter: 6.0
Eccentricity: 5.0
Pagerank: 0
Radius: 4.0
Square_clustering: 0.0027746
