Size: 1145
Order: 1088
Assortativity: -0.8416017
Transitivity: 0.00038
Degree: 0.0019363
Coreness: 1.0
Number_Triangles: 0.0
Number_Cliques: 1121
Clique_number: 3
Clustering: 0.0148616
Edge_connectivity: 1
