Size: 104
Order: 104
Assortativity: -0.8713714
Transitivity: 0.0
Degree: 0.0194175
Coreness: 1.0
Number_Triangles: 0.0
Number_Cliques: 104
Clique_number: 2
Clustering: 0.0
Edge_connectivity: 1
Betweeness: 0.0110102
Centrality: 0.4779774
Communicability: 175.03406
Density: 0.0194175
Diameter: 4.0
Eccentricity: 3.0
Pagerank: 0
Radius: 2.0
Square_clustering: 0.0194332
