Size: 321
Order: 320
Assortativity: -0.9479771
Transitivity: 0.00012
Degree: 0.0062892
Coreness: 1.0
Number_Triangles: 0.0
Number_Cliques: 318
Clique_number: 3
Clustering: 0.0064237
Edge_connectivity: 1
Betweeness: 0.0032777
Centrality: 0.4924435
Communicability: 147694.144854
Density: 0.0062892
Diameter: 4.0
Eccentricity: 3.0
Pagerank: 0
Radius: 2.0
Square_clustering: 0.0031383
