Size: 1206
Order: 1014
Assortativity: -0.6093633
Transitivity: 0.00134
Degree: 0.0023482
Coreness: 1.0
Number_Triangles: 0.0
Number_Cliques: 1134
Clique_number: 3
Clustering: 0.049957
Edge_connectivity: 1
Betweeness: 0.0020236
Centrality: 0.3320344
Communicability: 2600266.32103
Density: 0.0023482
Diameter: 5.0
Eccentricity: 4.0
Pagerank: 0
Radius: 3.0
Square_clustering: 0.0005055
