Size: 329
Order: 324
Assortativity: -0.9341171
Transitivity: 0.0003
Degree: 0.0062875
Coreness: 1.0
Number_Triangles: 0.0
Number_Cliques: 323
Clique_number: 3
Clustering: 0.0156662
Edge_connectivity: 1
Betweeness: 0.0031968
Centrality: 0.4948584
Communicability: 170022.599317
Density: 0.0062875
Diameter: 3.0
Eccentricity: 2.0
Pagerank: 0
Radius: 2.0
Square_clustering: 0.0104497
