Size: 2310
Order: 2041
Assortativity: -0.7143868
Transitivity: 0.00049
Degree: 0.0011096
Coreness: 1.0
Number_Triangles: 0.0
Number_Cliques: 2067
Clique_number: 4
Clustering: 0.1157124
Edge_connectivity: 1
Betweeness: 0.0007001
Centrality: 0.4217403
Communicability: 4.54771871201e+14
Density: 0.0011096
Diameter: 5.0
Eccentricity: 4.0
Pagerank: 0
Radius: 3.0
Square_clustering: 0.0011907
