Size: 1282
Order: 1091
Assortativity: -0.6080184
Transitivity: 0.00059
Degree: 0.0021561
Coreness: 1.0
Number_Triangles: 0.0
Number_Cliques: 1251
Clique_number: 3
Clustering: 0.0098544
Edge_connectivity: 1
