Size: 578
Order: 510
Assortativity: -0.5865809
Transitivity: 0.00234
Degree: 0.0044532
Coreness: 1.0
Number_Triangles: 0.0
Number_Cliques: 540
Clique_number: 4
Clustering: 0.0464292
Edge_connectivity: 1
Betweeness: 0.0037164
Centrality: 0.3543208
Communicability: 77957.7402256
Density: 0.0044532
Diameter: 5.0
Eccentricity: 4.0
Pagerank: 0
Radius: 3.0
Square_clustering: 0.0019822
