Size: 2878
Order: 2222
Assortativity: -0.5963434
Transitivity: 0.00213
Degree: 0.0011663
Coreness: 1.0
Number_Triangles: 0.0
Number_Cliques: 2564
Clique_number: 5
Clustering: 0.0792407
Edge_connectivity: 1
