Size: 1237
Order: 1007
Assortativity: -0.7880448
Transitivity: 0.00312
Degree: 0.0024421
Coreness: 1.0
Number_Triangles: 0.0
Number_Cliques: 1057
Clique_number: 4
Clustering: 0.1262309
Edge_connectivity: 1
