Size: 626
Order: 502
Assortativity: -0.7434257
Transitivity: 0.00049
Degree: 0.0049781
Coreness: 1.0
Number_Triangles: 0.0
Number_Cliques: 615
Clique_number: 3
Clustering: 0.009507
Edge_connectivity: 1
Betweeness: 0.0042343
Centrality: 0.3262093
Communicability: 47546.1797755
Density: 0.0049781
Diameter: 5.0
Eccentricity: 4.0
Pagerank: 0
Radius: 3.0
Square_clustering: 0.0053885
