Size: 1148
Order: 1087
Assortativity: -0.7340428
Transitivity: 0.00069
Degree: 0.001945
Coreness: 1.0
Number_Triangles: 0.0
Number_Cliques: 1103
Clique_number: 3
Clustering: 0.033217
Edge_connectivity: 1
