Size: 659
Order: 579
Assortativity: -0.4369937
Transitivity: 0.00087
Degree: 0.0039383
Coreness: 1.0
Number_Triangles: 0.0
Number_Cliques: 646
Clique_number: 3
Clustering: 0.0152286
Edge_connectivity: 1
Betweeness: 0.0042962
Centrality: 0.2939135
Communicability: 14173.5119088
Density: 0.0039383
Diameter: 8.0
Eccentricity: 6.0
Pagerank: 0
Radius: 5.0
Square_clustering: 0.0010553
