Size: 308
Order: 304
Assortativity: -0.7143457
Transitivity: 0.00051
Degree: 0.0066875
Coreness: 1.0
Number_Triangles: 0.0
Number_Cliques: 301
Clique_number: 3
Clustering: 0.0164754
Edge_connectivity: 1
Betweeness: 0.0045578
Centrality: 0.4282482
Communicability: 17116.6720837
Density: 0.0066875
Diameter: 5.0
Eccentricity: 4.0
Pagerank: 0
Radius: 3.0
Square_clustering: 0.0033164
