Size: 1080
Order: 1058
Assortativity: -0.8866562
Transitivity: 0.00013
Degree: 0.0019315
Coreness: 1.0
Number_Triangles: 0.0
Number_Cliques: 1057
Clique_number: 3
Clustering: 0.0196084
Edge_connectivity: 1
