Size: 1359
Order: 1156
Assortativity: -0.6828135
Transitivity: 0.00237
Degree: 0.0020357
Coreness: 1.0
Number_Triangles: 0.0
Number_Cliques: 1224
Clique_number: 4
Clustering: 0.0846433
Edge_connectivity: 1
Betweeness: 0.0016286
Centrality: 0.3526407
Communicability: 10000261.0475
Density: 0.0020357
Diameter: 7.0
Eccentricity: 5.0
Pagerank: 0
Radius: 4.0
Square_clustering: 0.0049332
