Size: 394
Order: 388
Assortativity: -0.8114799
Transitivity: 0.00015
Degree: 0.0052479
Coreness: 1.0
Number_Triangles: 0.0
Number_Cliques: 389
Clique_number: 3
Clustering: 0.0085236
Edge_connectivity: 1
Betweeness: 0.0034848
Centrality: 0.4395222
Communicability: 335884.447016
Density: 0.0052479
Diameter: 6.0
Eccentricity: 4.0
Pagerank: 0
Radius: 4.0
Square_clustering: 0.0009746
