Size: 1230
Order: 1230
Assortativity: -0.9983806
Transitivity: 0.0
Degree: 0.0016273
Coreness: 1.0
Number_Triangles: 0.0
Number_Cliques: 1228
Clique_number: 3
Clustering: 0.001626
Edge_connectivity: 1
Betweeness: 0.000813
Centrality: 0.5006102
Communicability: 1.36635041145e+12
Density: 0.0016273
Diameter: 2.0
Eccentricity: 1.0
Pagerank: 0
Radius: 1.0
Square_clustering: 0.0
