Size: 1049
Order: 1038
Assortativity: -0.9512734
Transitivity: 1e-05
Degree: 0.0019491
Coreness: 1.0
Number_Triangles: 0.0
Number_Cliques: 1047
Clique_number: 3
Clustering: 0.0010034
Edge_connectivity: 1
Betweeness: 0.0010125
Centrality: 0.4910917
Communicability: 73852854312.4
Density: 0.0019491
Diameter: 4.0
Eccentricity: 3.0
Pagerank: 0
Radius: 3.0
Square_clustering: 0.0010122
