Size: 485
Order: 371
Assortativity: -0.7675059
Transitivity: 0.01114
Degree: 0.0070664
Coreness: 1.0
Number_Triangles: 0.0
Number_Cliques: 406
Clique_number: 4
Clustering: 0.1547308
Edge_connectivity: 1
Betweeness: 0.0055624
Centrality: 0.3311871
Communicability: 4423.7789715
Density: 0.0070664
Diameter: 5.0
Eccentricity: 4.0
Pagerank: 0
Radius: 3.0
Square_clustering: 0.0041372
