Size: 2321
Order: 2002
Assortativity: -0.3789888
Transitivity: 0.00052
Degree: 0.0011588
Coreness: 1.0
Number_Triangles: 0.0
Number_Cliques: 2219
Clique_number: 4
Clustering: 0.0251205
Edge_connectivity: 1
Betweeness: 0.0011926
Centrality: 0.3012519
Communicability: 25574279844.9
Density: 0.0011588
Diameter: 7.0
Eccentricity: 5.0
Pagerank: 0
Radius: 4.0
Square_clustering: 0.0018486
