Size: 2635
Order: 2181
Assortativity: -0.8070038
Transitivity: 0.00202
Degree: 0.0011084
Coreness: 1.0
Number_Triangles: 0.0
Number_Cliques: 2190
Clique_number: 5
Clustering: 0.1470836
Edge_connectivity: 1
