Size: 1273
Order: 1138
Assortativity: -0.6247396
Transitivity: 0.00107
Degree: 0.0019677
Coreness: 1.0
Number_Triangles: 0.0
Number_Cliques: 1197
Clique_number: 3
Clustering: 0.0472792
Edge_connectivity: 1
Betweeness: 0.001784
Centrality: 0.3364287
Communicability: 6336565.54021
Density: 0.0019677
Diameter: 6.0
Eccentricity: 5.0
Pagerank: 0
Radius: 4.0
Square_clustering: 0.0003956
