Size: 3102
Order: 2156
Assortativity: -0.6978754
Transitivity: 0.0048
Degree: 0.0013353
Coreness: 1.0
Number_Triangles: 2.0
Number_Cliques: 2202
Clique_number: 6
Clustering: 0.2103655
Edge_connectivity: 1
Betweeness: 0.0008309
Centrality: 0.3622975
Communicability: 6.26809778093e+12
Density: 0.0013353
Diameter: 5.0
Eccentricity: 4.0
Pagerank: 0
Radius: 3.0
Square_clustering: 0.00152
