Size: 1190
Order: 1154
Assortativity: -0.9865224
Transitivity: 0.0003
Degree: 0.0017887
Coreness: 1.0
Number_Triangles: 0.0
Number_Cliques: 1153
Clique_number: 3
Clustering: 0.0311962
Edge_connectivity: 1
