Size: 2455
Order: 2379
Assortativity: -0.8012358
Transitivity: 0.00011
Degree: 0.0008679
Coreness: 1.0
Number_Triangles: 0.0
Number_Cliques: 2377
Clique_number: 3
Clustering: 0.0321567
Edge_connectivity: 1
Betweeness: 0.0005291
Centrality: 0.4473745
Communicability: 1.20620414726e+16
Density: 0.0008679
Diameter: 4.0
Eccentricity: 3.0
Pagerank: 0
Radius: 2.0
Square_clustering: 0.0013894
