Size: 1561
Order: 1005
Assortativity: -0.632984
Transitivity: 0.0064
Degree: 0.0030941
Coreness: 1.0
Number_Triangles: 1.0
Number_Cliques: 1160
Clique_number: 6
Clustering: 0.2429212
Edge_connectivity: 1
Betweeness: 0.0020034
Centrality: 0.3392641
Communicability: 1296838220.02
Density: 0.0030941
Diameter: 5.0
Eccentricity: 4.0
Pagerank: 0
Radius: 3.0
Square_clustering: 0.005537
