Size: 550
Order: 530
Assortativity: -0.7294663
Transitivity: 0.00042
Degree: 0.0039234
Coreness: 1.0
Number_Triangles: 0.0
Number_Cliques: 532
Clique_number: 3
Clustering: 0.023484
Edge_connectivity: 1
Betweeness: 0.00291
Centrality: 0.4071423
Communicability: 2550730.89473
Density: 0.0039234
Diameter: 5.0
Eccentricity: 4.0
Pagerank: 0
Radius: 3.0
Square_clustering: 0.0018433
