Size: 2511
Order: 2359
Assortativity: -0.6338144
Transitivity: 0.00031
Degree: 0.0009028
Coreness: 1.0
Number_Triangles: 0.0
Number_Cliques: 2365
Clique_number: 5
Clustering: 0.0495178
Edge_connectivity: 1
Betweeness: 0.0006388
Centrality: 0.40598
Communicability: 3.02965907316e+14
Density: 0.0009028
Diameter: 6.0
Eccentricity: 4.0
Pagerank: 0
Radius: 4.0
Square_clustering: 0.0005752
