Size: 3330
Order: 2474
Assortativity: -0.6777481
Transitivity: 0.00429
Degree: 0.0010886
Coreness: 1.0
Number_Triangles: 1.0
Number_Cliques: 2508
Clique_number: 7
Clustering: 0.1945518
Edge_connectivity: 1
