Size: 329
Order: 320
Assortativity: -0.6788132
Transitivity: 0.00046
Degree: 0.0064459
Coreness: 1.0
Number_Triangles: 0.0
Number_Cliques: 323
Clique_number: 3
Clustering: 0.0125898
Edge_connectivity: 1
Betweeness: 0.005199
Centrality: 0.3902949
Communicability: 24381.8444682
Density: 0.0064459
Diameter: 6.0
Eccentricity: 4.0
Pagerank: 0
Radius: 3.0
Square_clustering: 0.0023715
