Size: 1487
Order: 1267
Assortativity: -0.7777766
Transitivity: 0.00259
Degree: 0.0018541
Coreness: 1.0
Number_Triangles: 0.0
Number_Cliques: 1344
Clique_number: 4
Clustering: 0.0901502
Edge_connectivity: 1
