Size: 2926
Order: 2174
Assortativity: -0.716251
Transitivity: 0.00386
Degree: 0.0012388
Coreness: 1.0
Number_Triangles: 1.0
Number_Cliques: 2328
Clique_number: 6
Clustering: 0.165665
Edge_connectivity: 1
Betweeness: 0.0008061
Centrality: 0.3664967
Communicability: 151224668994.0
Density: 0.0012388
Diameter: 4.0
Eccentricity: 3.0
Pagerank: 0
Radius: 2.0
Square_clustering: 0.0002189
