Size: 570
Order: 518
Assortativity: -0.8340996
Transitivity: 0.00154
Degree: 0.0042568
Coreness: 1.0
Number_Triangles: 0.0
Number_Cliques: 550
Clique_number: 3
Clustering: 0.0230875
Edge_connectivity: 1
Betweeness: 0.0036098
Centrality: 0.3526285
Communicability: 71393.4069166
Density: 0.0042568
Diameter: 4.0
Eccentricity: 3.0
Pagerank: 0
Radius: 2.0
Square_clustering: 0.0055831
