Size: 1467
Order: 1239
Assortativity: -0.7523103
Transitivity: 0.00086
Degree: 0.0019128
Coreness: 1.0
Number_Triangles: 0.0
Number_Cliques: 1397
Clique_number: 3
Clustering: 0.0281719
Edge_connectivity: 1
Betweeness: 0.0016306
Centrality: 0.3355936
Communicability: 126866486.141
Density: 0.0019128
Diameter: 5.0
Eccentricity: 4.0
Pagerank: 0
Radius: 3.0
Square_clustering: 0.0012758
