Size: 1319
Order: 1218
Assortativity: -0.6419381
Transitivity: 0.00063
Degree: 0.0017797
Coreness: 1.0
Number_Triangles: 0.0
Number_Cliques: 1232
Clique_number: 4
Clustering: 0.0530944
Edge_connectivity: 1
Betweeness: 0.0012706
Centrality: 0.4052022
Communicability: 23296660337.8
Density: 0.0017797
Diameter: 6.0
Eccentricity: 5.0
Pagerank: 0
Radius: 3.0
Square_clustering: 0.0108579
