Size: 2421
Order: 2029
Assortativity: -0.6485594
Transitivity: 0.00198
Degree: 0.0011767
Coreness: 1.0
Number_Triangles: 0.0
Number_Cliques: 2271
Clique_number: 4
Clustering: 0.0448615
Edge_connectivity: 1
