Size: 112
Order: 107
Assortativity: -0.9567352
Transitivity: 0.0
Degree: 0.0197496
Coreness: 1.0
Number_Triangles: 0.0
Number_Cliques: 112
Clique_number: 2
Clustering: 0.0
Edge_connectivity: 1
Betweeness: 0.0175748
Centrality: 0.3565047
Communicability: 38.9568895
Density: 0.0197496
Diameter: 5.0
Eccentricity: 4.0
Pagerank: 0
Radius: 3.0
Square_clustering: 0.0165246
