Size: 564
Order: 548
Assortativity: -0.7744788
Transitivity: 0.00012
Degree: 0.0037631
Coreness: 1.0
Number_Triangles: 0.0
Number_Cliques: 559
Clique_number: 3
Clustering: 0.0054398
Edge_connectivity: 1
Betweeness: 0.003082
Centrality: 0.3833137
Communicability: 1638532.10918
Density: 0.0037631
Diameter: 6.0
Eccentricity: 4.0
Pagerank: 0
Radius: 3.0
Square_clustering: 0.0044545
