Size: 1487
Order: 1267
Assortativity: -0.7777766
Transitivity: 0.00259
Degree: 0.0018541
Coreness: 1.0
Number_Triangles: 0.0
Number_Cliques: 1344
Clique_number: 4
Clustering: 0.0901502
Edge_connectivity: 1
Betweeness: 0.0014542
Centrality: 0.3548134
Communicability: 25571091.202
Density: 0.0018541
Diameter: 4.0
Eccentricity: 3.0
Pagerank: 0
Radius: 2.0
Square_clustering: 0.0010212
