Size: 398
Order: 380
Assortativity: -0.8040507
Transitivity: 0.00101
Degree: 0.005527
Coreness: 1.0
Number_Triangles: 0.0
Number_Cliques: 378
Clique_number: 3
Clustering: 0.0482685
Edge_connectivity: 1
Betweeness: 0.0031914
Centrality: 0.4581214
Communicability: 228926.415394
Density: 0.005527
Diameter: 3.0
Eccentricity: 2.0
Pagerank: 0
Radius: 2.0
Square_clustering: 0.0028609
