Size: 1257
Order: 1257
Assortativity: -0.9968355
Transitivity: 0.0
Degree: 0.0015924
Coreness: 1.0
Number_Triangles: 0.0
Number_Cliques: 1255
Clique_number: 3
Clustering: 0.0010607
Edge_connectivity: 1
Betweeness: 0.0007968
Centrality: 0.5002656
Communicability: 1.93345138863e+12
Density: 0.0015924
Diameter: 3.0
Eccentricity: 2.0
Pagerank: 0
Radius: 2.0
Square_clustering: 0.0
