Size: 1412
Order: 1055
Assortativity: -0.5374356
Transitivity: 0.00639
Degree: 0.0025396
Coreness: 1.0
Number_Triangles: 1.0
Number_Cliques: 1107
Clique_number: 6
Clustering: 0.1737255
Edge_connectivity: 1
