Size: 127
Order: 121
Assortativity: -0.7280247
Transitivity: 0.00672
Degree: 0.0174931
Coreness: 1.0
Number_Triangles: 0.0
Number_Cliques: 119
Clique_number: 3
Clustering: 0.0309863
Edge_connectivity: 1
Betweeness: 0.0179561
Centrality: 0.3219279
Communicability: 17.4553926
Density: 0.0174931
Diameter: 6.0
Eccentricity: 4.0
Pagerank: 0
Radius: 3.0
Square_clustering: 0.0006666
