Size: 102
Order: 100
Assortativity: -0.8313403
Transitivity: 0.00302
Degree: 0.0206061
Coreness: 1.0
Number_Triangles: 0.0
Number_Cliques: 98
Clique_number: 3
Clustering: 0.0300726
Edge_connectivity: 1
Betweeness: 0.0138611
Centrality: 0.4287122
Communicability: 55.0545751
Density: 0.0206061
Diameter: 3.0
Eccentricity: 2.0
Pagerank: 0
Radius: 2.0
Square_clustering: 0.0200319
