Size: 684
Order: 561
Assortativity: -0.7064344
Transitivity: 0.00415
Degree: 0.0043545
Coreness: 1.0
Number_Triangles: 0.0
Number_Cliques: 565
Clique_number: 4
Clustering: 0.1800452
Edge_connectivity: 1
Betweeness: 0.0024583
Centrality: 0.4256712
Communicability: 3020352.84775
Density: 0.0043545
Diameter: 4.0
Eccentricity: 3.0
Pagerank: 0
Radius: 2.0
Square_clustering: 0.0028049
