Size: 110
Order: 103
Assortativity: -0.6596163
Transitivity: 0.00372
Degree: 0.0209404
Coreness: 1.0
Number_Triangles: 0.0
Number_Cliques: 105
Clique_number: 3
Clustering: 0.0391334
Edge_connectivity: 1
Betweeness: 0.0138365
Centrality: 0.4259397
Communicability: 76.0295854
Density: 0.0209404
Diameter: 4.0
Eccentricity: 3.0
Pagerank: 0
Radius: 3.0
Square_clustering: 0.003442
