Size: 1041
Order: 1020
Assortativity: -0.8103636
Transitivity: 0.00017
Degree: 0.0020031
Coreness: 1.0
Number_Triangles: 0.0
Number_Cliques: 1018
Clique_number: 4
Clustering: 0.0160841
Edge_connectivity: 1
