Size: 785
Order: 526
Assortativity: -0.7497639
Transitivity: 0.01907
Degree: 0.0056853
Coreness: 1.0
Number_Triangles: 2.0
Number_Cliques: 566
Clique_number: 5
Clustering: 0.2238823
Edge_connectivity: 1
Betweeness: 0.0031618
Centrality: 0.3807598
Communicability: 855949.931584
Density: 0.0056853
Diameter: 4.0
Eccentricity: 3.0
Pagerank: 0
Radius: 2.0
Square_clustering: 0.0017329
