Size: 1318
Order: 1129
Assortativity: -0.8017807
Transitivity: 0.00191
Degree: 0.0020699
Coreness: 1.0
Number_Triangles: 0.0
Number_Cliques: 1162
Clique_number: 4
Clustering: 0.1169544
Edge_connectivity: 1
Betweeness: 0.0014481
Centrality: 0.3830467
Communicability: 60221796.5856
Density: 0.0020699
Diameter: 5.0
Eccentricity: 4.0
Pagerank: 0
Radius: 3.0
Square_clustering: 0.0017569
