Size: 592
Order: 515
Assortativity: -0.8300526
Transitivity: 0.00394
Degree: 0.0044728
Coreness: 1.0
Number_Triangles: 0.0
Number_Cliques: 550
Clique_number: 3
Clustering: 0.0714913
Edge_connectivity: 1
Betweeness: 0.0059632
Centrality: 0.2490833
Communicability: 1286.5844202
Density: 0.0044728
Diameter: 7.0
Eccentricity: 6.0
Pagerank: 0
Radius: 4.0
Square_clustering: 0.0057465
