Size: 2698
Order: 2529
Assortativity: -0.7060886
Transitivity: 0.00026
Degree: 0.000844
Coreness: 1.0
Number_Triangles: 0.0
Number_Cliques: 2550
Clique_number: 4
Clustering: 0.052169
Edge_connectivity: 1
Betweeness: 0.000603
Centrality: 0.4021856
Communicability: 4.20152788775e+14
Density: 0.000844
Diameter: 6.0
Eccentricity: 4.0
Pagerank: 0
Radius: 3.0
Square_clustering: 0.0014411
