Size: 549
Order: 358
Assortativity: -0.9980719
Transitivity: 0.0
Degree: 0.0085911
Coreness: 1.0
Number_Triangles: 0.0
Number_Cliques: 549
Clique_number: 2
Clustering: 0.0
Edge_connectivity: 1
Betweeness: 0.0033696
Centrality: 0.4599286
Communicability: 6889745.4964
Density: 0.0085911
Diameter: 4.0
Eccentricity: 2.0
Pagerank: 0
Radius: 2.0
Square_clustering: 0.020894
