Size: 440
Order: 378
Assortativity: -0.7023475
Transitivity: 0.00301
Degree: 0.0061752
Coreness: 1.0
Number_Triangles: 0.0
Number_Cliques: 417
Clique_number: 4
Clustering: 0.0268432
Edge_connectivity: 1
Betweeness: 0.0057073
Centrality: 0.3216252
Communicability: 1658.2979195
Density: 0.0061752
Diameter: 6.0
Eccentricity: 4.0
Pagerank: 0
Radius: 3.0
Square_clustering: 0.0035065
