Size: 1150
Order: 1150
Assortativity: -0.9982684
Transitivity: 0.0
Degree: 0.0017406
Coreness: 1.0
Number_Triangles: 0.0
Number_Cliques: 1148
Clique_number: 3
Clustering: 0.0017391
Edge_connectivity: 1
Betweeness: 0.0008696
Centrality: 0.5006526
Communicability: 458067336767.0
Density: 0.0017406
Diameter: 2.0
Eccentricity: 1.0
Pagerank: 0
Radius: 1.0
Square_clustering: 0.0
