Size: 1339
Order: 1092
Assortativity: -0.5417105
Transitivity: 0.00248
Degree: 0.0022478
Coreness: 1.0
Number_Triangles: 0.0
Number_Cliques: 1225
Clique_number: 4
Clustering: 0.0680072
Edge_connectivity: 1
Betweeness: 0.002136
Centrality: 0.3041783
Communicability: 235724.643203
Density: 0.0022478
Diameter: 8.0
Eccentricity: 5.0
Pagerank: 0
Radius: 4.0
Square_clustering: 0.0017099
