Size: 319
Order: 304
Assortativity: -0.8704493
Transitivity: 0.00133
Degree: 0.0069264
Coreness: 1.0
Number_Triangles: 0.0
Number_Cliques: 308
Clique_number: 3
Clustering: 0.030708
Edge_connectivity: 1
Betweeness: 0.0052845
Centrality: 0.3901329
Communicability: 2175.520117
Density: 0.0069264
Diameter: 5.0
Eccentricity: 4.0
Pagerank: 0
Radius: 3.0
Square_clustering: 0.0126056
