Size: 437
Order: 381
Assortativity: -0.7542644
Transitivity: 0.00446
Degree: 0.0060367
Coreness: 1.0
Number_Triangles: 0.0
Number_Cliques: 378
Clique_number: 4
Clustering: 0.1208337
Edge_connectivity: 1
Betweeness: 0.0036431
Centrality: 0.4242775
Communicability: 71138.8705752
Density: 0.0060367
Diameter: 3.0
Eccentricity: 2.0
Pagerank: 0
Radius: 2.0
Square_clustering: 0.0011223
