Size: 133
Order: 109
Assortativity: -0.6461515
Transitivity: 0.00491
Degree: 0.022596
Coreness: 1.0
Number_Triangles: 0.0
Number_Cliques: 126
Clique_number: 3
Clustering: 0.0235831
Edge_connectivity: 1
Betweeness: 0.0204493
Centrality: 0.3248931
Communicability: 32.3711373
Density: 0.022596
Diameter: 6.0
Eccentricity: 4.0
Pagerank: 0.0091743
Radius: 3.0
Square_clustering: 0.0217839
