Size: 607
Order: 536
Assortativity: -0.7941937
Transitivity: 0.00069
Degree: 0.0042335
Coreness: 1.0
Number_Triangles: 0.0
Number_Cliques: 587
Clique_number: 3
Clustering: 0.0248125
Edge_connectivity: 1
Betweeness: 0.0033232
Centrality: 0.3673423
Communicability: 398573.448235
Density: 0.0042335
Diameter: 5.0
Eccentricity: 4.0
Pagerank: 0
Radius: 3.0
Square_clustering: 0.0043353
