Size: 365
Order: 333
Assortativity: -0.6340511
Transitivity: 0.0016
Degree: 0.006603
Coreness: 1.0
Number_Triangles: 0.0
Number_Cliques: 353
Clique_number: 3
Clustering: 0.015009
Edge_connectivity: 1
Betweeness: 0.0066506
Centrality: 0.3164447
Communicability: 985.8911825
Density: 0.006603
Diameter: 6.0
Eccentricity: 5.0
Pagerank: 0
Radius: 4.0
Square_clustering: 0.0013826
