Size: 537
Order: 515
Assortativity: -0.8320775
Transitivity: 0.00058
Degree: 0.0040573
Coreness: 1.0
Number_Triangles: 0.0
Number_Cliques: 514
Clique_number: 4
Clustering: 0.0374375
Edge_connectivity: 1
Betweeness: 0.0022057
Centrality: 0.4735201
Communicability: 6238411.69151
Density: 0.0040573
Diameter: 4.0
Eccentricity: 3.0
Pagerank: 0
Radius: 2.0
Square_clustering: 0.0069383
