Size: 657
Order: 624
Assortativity: -0.6496079
Transitivity: 0.00017
Degree: 0.00338
Coreness: 1.0
Number_Triangles: 0.0
Number_Cliques: 648
Clique_number: 3
Clustering: 0.010162
Edge_connectivity: 1
Betweeness: 0.0027876
Centrality: 0.3797793
Communicability: 6821249.19427
Density: 0.00338
Diameter: 5.0
Eccentricity: 4.0
Pagerank: 0
Radius: 3.0
Square_clustering: 0.0020474
