Size: 349
Order: 331
Assortativity: -0.8437377
Transitivity: 0.00012
Degree: 0.0063902
Coreness: 1.0
Number_Triangles: 0.0
Number_Cliques: 346
Clique_number: 3
Clustering: 0.0070595
Edge_connectivity: 1
Betweeness: 0.0035609
Centrality: 0.4687583
Communicability: 146533.218895
Density: 0.0063902
Diameter: 4.0
Eccentricity: 3.0
Pagerank: 0
Radius: 2.0
Square_clustering: 0.0058628
