Size: 535
Order: 534
Assortativity: -0.9422832
Transitivity: 4e-05
Degree: 0.0037594
Coreness: 1.0
Number_Triangles: 0.0
Number_Cliques: 532
Clique_number: 3
Clustering: 0.0037698
Edge_connectivity: 1
Betweeness: 0.0019747
Centrality: 0.4900848
Communicability: 14420027.4352
Density: 0.0037594
Diameter: 3.0
Eccentricity: 2.0
Pagerank: 0
Radius: 2.0
Square_clustering: 0.0037458
