Size: 2067
Order: 2063
Assortativity: -0.976501
Transitivity: 0.0
Degree: 0.0009718
Coreness: 1.0
Number_Triangles: 0.0
Number_Cliques: 2067
Clique_number: 2
Clustering: 0.0
Edge_connectivity: 1
Betweeness: 0.0005024
Centrality: 0.4935312
Communicability: 2.04483377685e+16
Density: 0.0009718
Diameter: 5.0
Eccentricity: 4.0
Pagerank: 0
Radius: 3.0
Square_clustering: 0.0003018
