Size: 371
Order: 345
Assortativity: -0.5205803
Transitivity: 0.0015
Degree: 0.0062521
Coreness: 1.0
Number_Triangles: 0.0
Number_Cliques: 356
Clique_number: 3
Clustering: 0.0231631
Edge_connectivity: 1
Betweeness: 0.0068252
Centrality: 0.306116
Communicability: 3437.7613383
Density: 0.0062521
Diameter: 6.0
Eccentricity: 5.0
Pagerank: 0
Radius: 3.0
Square_clustering: 0.0019718
