Size: 3364
Order: 2224
Assortativity: -0.5367196
Transitivity: 0.00722
Degree: 0.0013609
Coreness: 1.0
Number_Triangles: 2.0
Number_Cliques: 2531
Clique_number: 6
Clustering: 0.1900924
Edge_connectivity: 1
Betweeness: 0.0008749
Centrality: 0.3436585
Communicability: 662324678535.0
Density: 0.0013609
Diameter: 6.0
Eccentricity: 4.0
Pagerank: 0
Radius: 3.0
Square_clustering: 0.0007568
