Size: 520
Order: 513
Assortativity: -0.9497765
Transitivity: 0.00016
Degree: 0.0039596
Coreness: 1.0
Number_Triangles: 0.0
Number_Cliques: 512
Clique_number: 3
Clustering: 0.0138203
Edge_connectivity: 1
Betweeness: 0.0019939
Centrality: 0.4967
Communicability: 11653421.8455
Density: 0.0039596
Diameter: 3.0
Eccentricity: 2.0
Pagerank: 0
Radius: 2.0
Square_clustering: 0.001133
