Size: 505
Order: 500
Assortativity: -0.87658
Transitivity: 0.00011
Degree: 0.0040481
Coreness: 1.0
Number_Triangles: 0.0
Number_Cliques: 500
Clique_number: 3
Clustering: 0.0058703
Edge_connectivity: 1
Betweeness: 0.0024619
Centrality: 0.4591207
Communicability: 4894597.18537
Density: 0.0040481
Diameter: 4.0
Eccentricity: 3.0
Pagerank: 0
Radius: 2.0
Square_clustering: 0.0033956
