Size: 2723
Order: 2322
Assortativity: -0.5444253
Transitivity: 0.00117
Degree: 0.0010105
Coreness: 1.0
Number_Triangles: 0.0
Number_Cliques: 2368
Clique_number: 5
Clustering: 0.1118355
Edge_connectivity: 1
Betweeness: 0.0007264
Centrality: 0.3792029
Communicability: 1.44291208701e+13
Density: 0.0010105
Diameter: 6.0
Eccentricity: 4.0
Pagerank: 0
Radius: 3.0
Square_clustering: 0.0002576
