Size: 1356
Order: 1195
Assortativity: -0.6688955
Transitivity: 0.00088
Degree: 0.0019007
Coreness: 1.0
Number_Triangles: 0.0
Number_Cliques: 1258
Clique_number: 4
Clustering: 0.05616
Edge_connectivity: 1
Betweeness: 0.0014456
Centrality: 0.3743316
Communicability: 526361973.002
Density: 0.0019007
Diameter: 6.0
Eccentricity: 4.0
Pagerank: 0
Radius: 3.0
Square_clustering: 0.0043703
