Size: 2465
Order: 2047
Assortativity: -0.5299395
Transitivity: 0.00267
Degree: 0.0011771
Coreness: 1.0
Number_Triangles: 0.0
Number_Cliques: 2195
Clique_number: 5
Clustering: 0.0825383
Edge_connectivity: 1
Betweeness: 0.0012008
Centrality: 0.2964991
Communicability: 47962090.3725
Density: 0.0011771
Diameter: 10.0
Eccentricity: 7.0
Pagerank: 0
Radius: 5.0
Square_clustering: 0.0030677
