Size: 330
Order: 316
Assortativity: -0.8101442
Transitivity: 0.00111
Degree: 0.0066305
Coreness: 1.0
Number_Triangles: 0.0
Number_Cliques: 314
Clique_number: 3
Clustering: 0.0475154
Edge_connectivity: 1
Betweeness: 0.0037852
Centrality: 0.4627612
Communicability: 68401.6495325
Density: 0.0066305
Diameter: 4.0
Eccentricity: 3.0
Pagerank: 0
Radius: 2.0
Square_clustering: 0.0035816
