Size: 2369
Order: 2025
Assortativity: -0.6304685
Transitivity: 0.00092
Degree: 0.001156
Coreness: 1.0
Number_Triangles: 0.0
Number_Cliques: 2037
Clique_number: 5
Clustering: 0.1245916
Edge_connectivity: 1
