Size: 3102
Order: 2156
Assortativity: -0.6978754
Transitivity: 0.0048
Degree: 0.0013353
Coreness: 1.0
Number_Triangles: 2.0
Number_Cliques: 2202
Clique_number: 6
Clustering: 0.2103655
Edge_connectivity: 1
