Size: 2026
Order: 2019
Assortativity: -0.9707001
Transitivity: 0.0
Degree: 0.0009945
Coreness: 1.0
Number_Triangles: 0.0
Number_Cliques: 2024
Clique_number: 3
Clustering: 0.0006604
Edge_connectivity: 1
Betweeness: 0.0005171
Centrality: 0.4921491
Communicability: 1.2393451693e+16
Density: 0.0009945
Diameter: 4.0
Eccentricity: 3.0
Pagerank: 0
Radius: 2.0
Square_clustering: 0.0008922
