Size: 2990
Order: 2561
Assortativity: -0.9119741
Transitivity: 0.00055
Degree: 0.0009121
Coreness: 1.0
Number_Triangles: 0.0
Number_Cliques: 2620
Clique_number: 3
Clustering: 0.1409088
Edge_connectivity: 1
