Size: 656
Order: 609
Assortativity: -0.6390211
Transitivity: 0.00037
Degree: 0.0035433
Coreness: 1.0
Number_Triangles: 0.0
Number_Cliques: 638
Clique_number: 3
Clustering: 0.0153495
Edge_connectivity: 1
Betweeness: 0.0024064
Centrality: 0.4168563
Communicability: 6230405.56292
Density: 0.0035433
Diameter: 6.0
Eccentricity: 4.0
Pagerank: 0
Radius: 3.0
Square_clustering: 0.0031124
