Size: 359
Order: 358
Assortativity: -0.9481171
Transitivity: 0.0
Degree: 0.0056179
Coreness: 1.0
Number_Triangles: 0.0
Number_Cliques: 359
Clique_number: 2
Clustering: 0.0
Edge_connectivity: 1
Betweeness: 0.0054916
Centrality: 0.3401957
Communicability: 5731.2087199
Density: 0.0056179
Diameter: 5.0
Eccentricity: 4.0
Pagerank: 0
Radius: 3.0
Square_clustering: 0.0041905
