Size: 1205
Order: 1177
Assortativity: -0.7782862
Transitivity: 0.00026
Degree: 0.0017411
Coreness: 1.0
Number_Triangles: 0.0
Number_Cliques: 1184
Clique_number: 3
Clustering: 0.0141615
Edge_connectivity: 1
Betweeness: 0.0015615
Centrality: 0.3579025
Communicability: 25594494.8549
Density: 0.0017411
Diameter: 6.0
Eccentricity: 4.0
Pagerank: 0
Radius: 3.0
Square_clustering: 0.0003266
