Size: 2455
Order: 2271
Assortativity: -0.7932144
Transitivity: 0.00026
Degree: 0.0009524
Coreness: 1.0
Number_Triangles: 0.0
Number_Cliques: 2358
Clique_number: 3
Clustering: 0.0321854
Edge_connectivity: 1
