Size: 113
Order: 107
Assortativity: -0.9547434
Transitivity: 0.0
Degree: 0.0199259
Coreness: 1.0
Number_Triangles: 0.0
Number_Cliques: 113
Clique_number: 2
Clustering: 0.0
Edge_connectivity: 1
Betweeness: 0.0177024
Centrality: 0.355191
Communicability: 38.5245144
Density: 0.0199259
Diameter: 5.0
Eccentricity: 4.0
Pagerank: 0
Radius: 3.0
Square_clustering: 0.0155265
