Size: 1181
Order: 1004
Assortativity: -0.6529892
Transitivity: 0.00238
Degree: 0.0023456
Coreness: 1.0
Number_Triangles: 0.0
Number_Cliques: 1059
Clique_number: 4
Clustering: 0.0771243
Edge_connectivity: 1
Betweeness: 0.0018141
Centrality: 0.360944
Communicability: 9258109.52457
Density: 0.0023456
Diameter: 6.0
Eccentricity: 4.0
Pagerank: 0
Radius: 3.0
Square_clustering: 0.002425
