Size: 388
Order: 325
Assortativity: -0.9406887
Transitivity: 0.00024
Degree: 0.0073694
Coreness: 1.0
Number_Triangles: 0.0
Number_Cliques: 385
Clique_number: 3
Clustering: 0.0030775
Edge_connectivity: 1
Betweeness: 0.0062886
Centrality: 0.3344003
Communicability: 2707.562615
Density: 0.0073694
Diameter: 5.0
Eccentricity: 4.0
Pagerank: 0
Radius: 3.0
Square_clustering: 0.0061514
