Size: 114
Order: 112
Assortativity: -0.8730734
Transitivity: 0.00164
Degree: 0.0183398
Coreness: 1.0
Number_Triangles: 0.0
Number_Cliques: 110
Clique_number: 3
Clustering: 0.0245568
Edge_connectivity: 1
Betweeness: 0.0098192
Centrality: 0.4859007
Communicability: 260.1662332
Density: 0.0183398
Diameter: 3.0
Eccentricity: 2.0
Pagerank: 0
Radius: 2.0
Square_clustering: 0.0180693
