Size: 1242
Order: 1186
Assortativity: -0.7389261
Transitivity: 3e-05
Degree: 0.0017675
Coreness: 1.0
Number_Triangles: 0.0
Number_Cliques: 1236
Clique_number: 3
Clustering: 0.0014258
Edge_connectivity: 1
Betweeness: 0.0016728
Centrality: 0.3401748
Communicability: 549560148.496
Density: 0.0017675
Diameter: 6.0
Eccentricity: 4.0
Pagerank: 0
Radius: 3.0
Square_clustering: 0.001155
