Size: 2743
Order: 2443
Assortativity: -0.5696273
Transitivity: 0.00017
Degree: 0.0009196
Coreness: 1.0
Number_Triangles: 0.0
Number_Cliques: 2681
Clique_number: 3
Clustering: 0.018492
Edge_connectivity: 1
