Size: 1339
Order: 1092
Assortativity: -0.5417105
Transitivity: 0.00248
Degree: 0.0022478
Coreness: 1.0
Number_Triangles: 0.0
Number_Cliques: 1225
Clique_number: 4
Clustering: 0.0680072
Edge_connectivity: 1
