Size: 1336
Order: 1005
Assortativity: -0.6430173
Transitivity: 0.0034
Degree: 0.0026481
Coreness: 1.0
Number_Triangles: 0.0
Number_Cliques: 1154
Clique_number: 5
Clustering: 0.0865994
Edge_connectivity: 1
Betweeness: 0.0018092
Centrality: 0.3621203
Communicability: 300435102.858
Density: 0.0026481
Diameter: 6.0
Eccentricity: 4.0
Pagerank: 0
Radius: 4.0
Square_clustering: 0.002257
