Size: 125
Order: 124
Assortativity: -0.8223879
Transitivity: 0.00217
Degree: 0.0163913
Coreness: 1.0
Number_Triangles: 0.0
Number_Cliques: 122
Clique_number: 3
Clustering: 0.0161617
Edge_connectivity: 1
Betweeness: 0.0151294
Centrality: 0.355566
Communicability: 25.7782838
Density: 0.0163913
Diameter: 5.0
Eccentricity: 4.0
Pagerank: 0
Radius: 3.0
Square_clustering: 0.0080778
