Size: 2642
Order: 2559
Assortativity: -0.8044495
Transitivity: 0.00011
Degree: 0.0008072
Coreness: 1.0
Number_Triangles: 0.0
Number_Cliques: 2557
Clique_number: 3
Clustering: 0.0328255
Edge_connectivity: 1
Betweeness: 0.0005199
Centrality: 0.4330373
Communicability: 1.07128924832e+16
Density: 0.0008072
Diameter: 4.0
Eccentricity: 3.0
Pagerank: 0
Radius: 2.0
Square_clustering: 0.0007162
