Size: 2723
Order: 2322
Assortativity: -0.5444253
Transitivity: 0.00117
Degree: 0.0010105
Coreness: 1.0
Number_Triangles: 0.0
Number_Cliques: 2368
Clique_number: 5
Clustering: 0.1118355
Edge_connectivity: 1
