Size: 576
Order: 568
Assortativity: -0.9032565
Transitivity: 0.00016
Degree: 0.003577
Coreness: 1.0
Number_Triangles: 0.0
Number_Cliques: 566
Clique_number: 3
Clustering: 0.0137938
Edge_connectivity: 1
Betweeness: 0.0020411
Centrality: 0.4724433
Communicability: 24280906.1627
Density: 0.003577
Diameter: 5.0
Eccentricity: 4.0
Pagerank: 0
Radius: 3.0
Square_clustering: 0.0042053
