Size: 328
Order: 322
Assortativity: -0.7823513
Transitivity: 0.00064
Degree: 0.0063466
Coreness: 1.0
Number_Triangles: 0.0
Number_Cliques: 319
Clique_number: 3
Clustering: 0.0227818
Edge_connectivity: 1
Betweeness: 0.0043049
Centrality: 0.4258815
Communicability: 20034.2287049
Density: 0.0063466
Diameter: 5.0
Eccentricity: 4.0
Pagerank: 0
Radius: 3.0
Square_clustering: 0.0031477
