Size: 1242
Order: 1242
Assortativity: -0.9983962
Transitivity: 0.0
Degree: 0.0016116
Coreness: 1.0
Number_Triangles: 0.0
Number_Cliques: 1240
Clique_number: 3
Clustering: 0.0016103
Edge_connectivity: 1
Betweeness: 0.0008052
Centrality: 0.5006043
Communicability: 1.60505792041e+12
Density: 0.0016116
Diameter: 2.0
Eccentricity: 1.0
Pagerank: 0
Radius: 1.0
Square_clustering: 0.0
