Size: 109
Order: 101
Assortativity: -0.6901204
Transitivity: 0.00211
Degree: 0.0215842
Coreness: 1.0
Number_Triangles: 0.0
Number_Cliques: 107
Clique_number: 3
Clustering: 0.0132343
Edge_connectivity: 1
Betweeness: 0.0249805
Centrality: 0.2925388
Communicability: 10.297484
Density: 0.0215842
Diameter: 6.0
Eccentricity: 5.0
Pagerank: 0.009901
Radius: 3.0
Square_clustering: 0.0068321
