Size: 837
Order: 565
Assortativity: -0.7671267
Transitivity: 0.00173
Degree: 0.0052532
Coreness: 1.0
Number_Triangles: 0.0
Number_Cliques: 784
Clique_number: 3
Clustering: 0.0549585
Edge_connectivity: 1
Betweeness: 0.0033867
Centrality: 0.3489873
Communicability: 6190778.16107
Density: 0.0052532
Diameter: 4.0
Eccentricity: 3.0
Pagerank: 0
Radius: 3.0
Square_clustering: 0.009991
