Size: 2455
Order: 2379
Assortativity: -0.8012358
Transitivity: 0.00011
Degree: 0.0008679
Coreness: 1.0
Number_Triangles: 0.0
Number_Cliques: 2377
Clique_number: 3
Clustering: 0.0321567
Edge_connectivity: 1
