Size: 2418
Order: 2137
Assortativity: -0.5760866
Transitivity: 0.00054
Degree: 0.0010595
Coreness: 1.0
Number_Triangles: 0.0
Number_Cliques: 2209
Clique_number: 4
Clustering: 0.0791502
Edge_connectivity: 1
