Size: 108
Order: 105
Assortativity: -0.7964821
Transitivity: 0.0
Degree: 0.0197802
Coreness: 1.0
Number_Triangles: 0.0
Number_Cliques: 108
Clique_number: 2
Clustering: 0.0
Edge_connectivity: 1
Betweeness: 0.015029
Centrality: 0.4042311
Communicability: 95.2925641
Density: 0.0197802
Diameter: 4.0
Eccentricity: 3.0
Pagerank: 0
Radius: 2.0
Square_clustering: 0.0191742
