Size: 1127
Order: 1004
Assortativity: -0.7776217
Transitivity: 0.00161
Degree: 0.0022383
Coreness: 1.0
Number_Triangles: 0.0
Number_Cliques: 1021
Clique_number: 4
Clustering: 0.081015
Edge_connectivity: 1
