Size: 2325
Order: 2001
Assortativity: -0.7313506
Transitivity: 0.00259
Degree: 0.0011619
Coreness: 1.0
Number_Triangles: 0.0
Number_Cliques: 2037
Clique_number: 6
Clustering: 0.0911714
Edge_connectivity: 1
