Size: 322
Order: 308
Assortativity: -0.8939123
Transitivity: 0.00178
Degree: 0.0068108
Coreness: 1.0
Number_Triangles: 0.0
Number_Cliques: 306
Clique_number: 3
Clustering: 0.0492498
Edge_connectivity: 1
Betweeness: 0.005056
Centrality: 0.3964576
Communicability: 2567.1220327
Density: 0.0068108
Diameter: 5.0
Eccentricity: 4.0
Pagerank: 0
Radius: 3.0
Square_clustering: 0.0012717
