Size: 672
Order: 634
Assortativity: -0.8954897
Transitivity: 0.00092
Degree: 0.0033489
Coreness: 1.0
Number_Triangles: 0.0
Number_Cliques: 650
Clique_number: 3
Clustering: 0.0279087
Edge_connectivity: 1
Betweeness: 0.0030174
Centrality: 0.3463298
Communicability: 37504.4478735
Density: 0.0033489
Diameter: 5.0
Eccentricity: 4.0
Pagerank: 0
Radius: 3.0
Square_clustering: 0.0025991
