Size: 1225
Order: 1060
Assortativity: -0.5844357
Transitivity: 0.00158
Degree: 0.0021826
Coreness: 1.0
Number_Triangles: 0.0
Number_Cliques: 1103
Clique_number: 4
Clustering: 0.0920203
Edge_connectivity: 1
