Size: 915
Order: 906
Assortativity: -0.8975614
Transitivity: 7e-05
Degree: 0.0022319
Coreness: 1.0
Number_Triangles: 0.0
Number_Cliques: 905
Clique_number: 3
Clustering: 0.0099405
Edge_connectivity: 1
Betweeness: 0.0012115
Centrality: 0.4807051
Communicability: 5992451956.32
Density: 0.0022319
Diameter: 4.0
Eccentricity: 3.0
Pagerank: 0
Radius: 2.0
Square_clustering: 0.0031421
