Size: 2378
Order: 2276
Assortativity: -0.7530685
Transitivity: 0.00012
Degree: 0.0009185
Coreness: 1.0
Number_Triangles: 0.0
Number_Cliques: 2304
Clique_number: 4
Clustering: 0.023284
Edge_connectivity: 1
