Size: 109
Order: 100
Assortativity: -0.6588516
Transitivity: 0.00385
Degree: 0.0220202
Coreness: 1.0
Number_Triangles: 0.0
Number_Cliques: 107
Clique_number: 3
Clustering: 0.0008242
Edge_connectivity: 1
Betweeness: 0.0350711
Centrality: 0.2306052
Communicability: 4.9621457
Density: 0.0220202
Diameter: 9.0
Eccentricity: 7.0
Pagerank: 0.01
Radius: 5.0
Square_clustering: 0.0211814
