Size: 548
Order: 545
Assortativity: -0.9513779
Transitivity: 0.0
Degree: 0.0036967
Coreness: 1.0
Number_Triangles: 0.0
Number_Cliques: 548
Clique_number: 2
Clustering: 0.0
Edge_connectivity: 1
Betweeness: 0.0019604
Centrality: 0.4886245
Communicability: 19939418.7547
Density: 0.0036967
Diameter: 5.0
Eccentricity: 4.0
Pagerank: 0
Radius: 3.0
Square_clustering: 0.0010707
