Size: 3364
Order: 2224
Assortativity: -0.5367196
Transitivity: 0.00722
Degree: 0.0013609
Coreness: 1.0
Number_Triangles: 2.0
Number_Cliques: 2531
Clique_number: 6
Clustering: 0.1900924
Edge_connectivity: 1
