Size: 1027
Order: 1008
Assortativity: -0.8674537
Transitivity: 0.00014
Degree: 0.0020235
Coreness: 1.0
Number_Triangles: 0.0
Number_Cliques: 1006
Clique_number: 3
Clustering: 0.0188543
Edge_connectivity: 1
