Size: 1160
Order: 1161
Assortativity: -0.9982803
Transitivity: 0.0
Degree: 0.0017227
Coreness: 1.0
Number_Triangles: 0.0
Number_Cliques: 1160
Clique_number: 2
Clustering: 0.0
Edge_connectivity: 1
Betweeness: 0.0008628
Centrality: 0.500287
Communicability: 525210390108.0
Density: 0.0017227
Diameter: 3.0
Eccentricity: 2.0
Pagerank: 0
Radius: 2.0
Square_clustering: 0.0
