Size: 596
Order: 511
Assortativity: -0.7163864
Transitivity: 0.00571
Degree: 0.0045739
Coreness: 1.0
Number_Triangles: 0.0
Number_Cliques: 530
Clique_number: 4
Clustering: 0.0987338
Edge_connectivity: 1
Betweeness: 0.0044329
Centrality: 0.3133889
Communicability: 3446.4968331
Density: 0.0045739
Diameter: 9.0
Eccentricity: 7.0
Pagerank: 0
Radius: 5.0
Square_clustering: 0.0032649
