Size: 2446
Order: 2181
Assortativity: -0.6729908
Transitivity: 0.00093
Degree: 0.0010289
Coreness: 1.0
Number_Triangles: 0.0
Number_Cliques: 2179
Clique_number: 5
Clustering: 0.0967178
Edge_connectivity: 1
Betweeness: 0.0007177
Centrality: 0.39252
Communicability: 1.87777394817e+12
Density: 0.0010289
Diameter: 4.0
Eccentricity: 3.0
Pagerank: 0
Radius: 2.0
Square_clustering: 0.0009681
