Size: 1142
Order: 1142
Assortativity: -0.9982563
Transitivity: 0.0
Degree: 0.0017528
Coreness: 1.0
Number_Triangles: 0.0
Number_Cliques: 1140
Clique_number: 3
Clustering: 0.0017513
Edge_connectivity: 1
Betweeness: 0.0008757
Centrality: 0.5006572
Communicability: 409850478173.0
Density: 0.0017528
Diameter: 2.0
Eccentricity: 1.0
Pagerank: 0
Radius: 1.0
Square_clustering: 0.0
