Size: 2369
Order: 2025
Assortativity: -0.6304685
Transitivity: 0.00092
Degree: 0.001156
Coreness: 1.0
Number_Triangles: 0.0
Number_Cliques: 2037
Clique_number: 5
Clustering: 0.1245916
Edge_connectivity: 1
Betweeness: 0.0006904
Centrality: 0.4238305
Communicability: 1.15898851549e+14
Density: 0.001156
Diameter: 5.0
Eccentricity: 4.0
Pagerank: 0
Radius: 3.0
Square_clustering: 0.0002868
