Size: 1229
Order: 1146
Assortativity: -0.6812303
Transitivity: 0.00017
Degree: 0.0018732
Coreness: 1.0
Number_Triangles: 0.0
Number_Cliques: 1208
Clique_number: 3
Clustering: 0.0050035
Edge_connectivity: 1
