Size: 2620
Order: 2382
Assortativity: -0.6988018
Transitivity: 0.00056
Degree: 0.0009239
Coreness: 1.0
Number_Triangles: 0.0
Number_Cliques: 2466
Clique_number: 4
Clustering: 0.0532774
Edge_connectivity: 1
Betweeness: 0.000837
Centrality: 0.3366107
Communicability: 262392334584.0
Density: 0.0009239
Diameter: 5.0
Eccentricity: 3.0
Pagerank: 0
Radius: 3.0
Square_clustering: 0.0024003
