Size: 128
Order: 126
Assortativity: -0.9788145
Transitivity: 0.00219
Degree: 0.016254
Coreness: 1.0
Number_Triangles: 0.0
Number_Cliques: 124
Clique_number: 3
Clustering: 0.023833
Edge_connectivity: 1
Betweeness: 0.0116692
Centrality: 0.4108544
Communicability: 59.9276974
Density: 0.016254
Diameter: 3.0
Eccentricity: 2.0
Pagerank: 0
Radius: 2.0
Square_clustering: 0.0158861
