Size: 1149
Order: 1014
Assortativity: -0.6551367
Transitivity: 0.0014
Degree: 0.0022372
Coreness: 1.0
Number_Triangles: 0.0
Number_Cliques: 1094
Clique_number: 3
Clustering: 0.0371212
Edge_connectivity: 1
Betweeness: 0.0021471
Centrality: 0.3191022
Communicability: 2523947.71211
Density: 0.0022372
Diameter: 6.0
Eccentricity: 5.0
Pagerank: 0
Radius: 3.0
Square_clustering: 0.0009092
