Size: 354
Order: 347
Assortativity: -0.9580041
Transitivity: 0.0004
Degree: 0.005897
Coreness: 1.0
Number_Triangles: 0.0
Number_Cliques: 345
Clique_number: 3
Clustering: 0.0236956
Edge_connectivity: 1
Betweeness: 0.0028815
Centrality: 0.5021961
Communicability: 355424.252285
Density: 0.005897
Diameter: 2.0
Eccentricity: 1.0
Pagerank: 0
Radius: 1.0
Square_clustering: 0.0288184
