Size: 2278
Order: 2108
Assortativity: -0.7054813
Transitivity: 0.0001
Degree: 0.0010258
Coreness: 1.0
Number_Triangles: 0.0
Number_Cliques: 2237
Clique_number: 3
Clustering: 0.0117017
Edge_connectivity: 1
