Size: 336
Order: 304
Assortativity: -0.383122
Transitivity: 0.00463
Degree: 0.0072955
Coreness: 1.0
Number_Triangles: 0.0
Number_Cliques: 315
Clique_number: 3
Clustering: 0.0308895
Edge_connectivity: 1
Betweeness: 0.0094991
Centrality: 0.2679535
Communicability: 106.5956508
Density: 0.0072955
Diameter: 9.0
Eccentricity: 7.0
Pagerank: 0.0032895
Radius: 5.0
Square_clustering: 0.0010142
