Size: 1277
Order: 1103
Assortativity: -0.9034129
Transitivity: 0.00214
Degree: 0.0021012
Coreness: 1.0
Number_Triangles: 0.0
Number_Cliques: 1137
Clique_number: 4
Clustering: 0.1059984
Edge_connectivity: 1
