Size: 401
Order: 365
Assortativity: -0.6197898
Transitivity: 0.00013
Degree: 0.0060364
Coreness: 1.0
Number_Triangles: 0.0
Number_Cliques: 399
Clique_number: 3
Clustering: 0.0010469
Edge_connectivity: 1
Betweeness: 0.0067096
Centrality: 0.2970166
Communicability: 2192.8050314
Density: 0.0060364
Diameter: 7.0
Eccentricity: 5.0
Pagerank: 0
Radius: 4.0
Square_clustering: 0.0064399
