Size: 1561
Order: 1005
Assortativity: -0.632984
Transitivity: 0.0064
Degree: 0.0030941
Coreness: 1.0
Number_Triangles: 1.0
Number_Cliques: 1160
Clique_number: 6
Clustering: 0.2429212
Edge_connectivity: 1
