Size: 1272
Order: 1272
Assortativity: -0.9984338
Transitivity: 0.0
Degree: 0.0015736
Coreness: 1.0
Number_Triangles: 0.0
Number_Cliques: 1270
Clique_number: 3
Clustering: 0.0015723
Edge_connectivity: 1
Betweeness: 0.0007862
Centrality: 0.50059
Communicability: 2.39295628268e+12
Density: 0.0015736
Diameter: 2.0
Eccentricity: 1.0
Pagerank: 0
Radius: 1.0
Square_clustering: 0.0
