Size: 1315
Order: 1260
Assortativity: -0.8866628
Transitivity: 0.00034
Degree: 0.0016579
Coreness: 1.0
Number_Triangles: 0.0
Number_Cliques: 1281
Clique_number: 3
Clustering: 0.0219601
Edge_connectivity: 1
Betweeness: 0.0012643
Centrality: 0.3885889
Communicability: 139599648.861
Density: 0.0016579
Diameter: 6.0
Eccentricity: 4.0
Pagerank: 0
Radius: 3.0
Square_clustering: 0.0009273
