Size: 2290
Order: 2181
Assortativity: -0.6972386
Transitivity: 0.00023
Degree: 0.0009633
Coreness: 1.0
Number_Triangles: 0.0
Number_Cliques: 2193
Clique_number: 4
Clustering: 0.0322762
Edge_connectivity: 1
