Size: 629
Order: 561
Assortativity: -0.7181759
Transitivity: 0.00067
Degree: 0.0040043
Coreness: 1.0
Number_Triangles: 0.0
Number_Cliques: 609
Clique_number: 3
Clustering: 0.0297505
Edge_connectivity: 1
Betweeness: 0.002453
Centrality: 0.4314846
Communicability: 6733884.84599
Density: 0.0040043
Diameter: 4.0
Eccentricity: 3.0
Pagerank: 0
Radius: 2.0
Square_clustering: 0.0060905
