Size: 1045
Order: 1042
Assortativity: -0.9144618
Transitivity: 2e-05
Degree: 0.0019268
Coreness: 1.0
Number_Triangles: 0.0
Number_Cliques: 1040
Clique_number: 3
Clustering: 0.0038416
Edge_connectivity: 1
Betweeness: 0.0010438
Centrality: 0.4825785
Communicability: 46765005330.4
Density: 0.0019268
Diameter: 3.0
Eccentricity: 2.0
Pagerank: 0
Radius: 2.0
Square_clustering: 0.0019196
