Size: 647
Order: 615
Assortativity: -0.8367115
Transitivity: 0.00057
Degree: 0.0034268
Coreness: 1.0
Number_Triangles: 0.0
Number_Cliques: 615
Clique_number: 3
Clustering: 0.0479411
Edge_connectivity: 1
Betweeness: 0.0018474
Centrality: 0.4744742
Communicability: 48451389.1926
Density: 0.0034268
Diameter: 5.0
Eccentricity: 4.0
Pagerank: 0
Radius: 3.0
Square_clustering: 0.0050878
