Size: 1169
Order: 1041
Assortativity: -0.7883056
Transitivity: 0.00118
Degree: 0.0021595
Coreness: 1.0
Number_Triangles: 0.0
Number_Cliques: 1078
Clique_number: 3
Clustering: 0.081305
Edge_connectivity: 1
