Size: 354
Order: 303
Assortativity: -0.5447048
Transitivity: 0.00141
Degree: 0.0077372
Coreness: 1.0
Number_Triangles: 0.0
Number_Cliques: 346
Clique_number: 3
Clustering: 0.0102253
Edge_connectivity: 1
Betweeness: 0.0089026
Centrality: 0.2776353
Communicability: 178.5942126
Density: 0.0077372
Diameter: 6.0
Eccentricity: 5.0
Pagerank: 0
Radius: 4.0
Square_clustering: 0.0051792
