Size: 1184
Order: 1009
Assortativity: -0.7696303
Transitivity: 0.00078
Degree: 0.0023283
Coreness: 1.0
Number_Triangles: 0.0
Number_Cliques: 1128
Clique_number: 4
Clustering: 0.0264272
Edge_connectivity: 1
Betweeness: 0.001876
Centrality: 0.3506324
Communicability: 38760281.0054
Density: 0.0023283
Diameter: 5.0
Eccentricity: 3.0
Pagerank: 0
Radius: 3.0
Square_clustering: 0.002846
