Size: 562
Order: 374
Assortativity: -0.9250838
Transitivity: 4e-05
Degree: 0.0080572
Coreness: 1.0
Number_Triangles: 0.0
Number_Cliques: 560
Clique_number: 3
Clustering: 0.0008996
Edge_connectivity: 1
Betweeness: 0.003548
Centrality: 0.4385536
Communicability: 4834334.21733
Density: 0.0080572
Diameter: 5.0
Eccentricity: 4.0
Pagerank: 0
Radius: 3.0
Square_clustering: 0.0180134
