Size: 2750
Order: 2062
Assortativity: -0.7420779
Transitivity: 0.0054
Degree: 0.0012942
Coreness: 1.0
Number_Triangles: 1.0
Number_Cliques: 2261
Clique_number: 6
Clustering: 0.1445915
Edge_connectivity: 1
