Size: 1150
Order: 1040
Assortativity: -0.9357505
Transitivity: 0.00117
Degree: 0.0021285
Coreness: 1.0
Number_Triangles: 0.0
Number_Cliques: 1038
Clique_number: 4
Clustering: 0.0951312
Edge_connectivity: 1
