Size: 2421
Order: 2029
Assortativity: -0.6485594
Transitivity: 0.00198
Degree: 0.0011767
Coreness: 1.0
Number_Triangles: 0.0
Number_Cliques: 2271
Clique_number: 4
Clustering: 0.0448615
Edge_connectivity: 1
Betweeness: 0.0011902
Centrality: 0.2962642
Communicability: 12068011.5217
Density: 0.0011767
Diameter: 7.0
Eccentricity: 5.0
Pagerank: 0
Radius: 4.0
Square_clustering: 0.0006869
