Size: 2669
Order: 2549
Assortativity: -0.9947064
Transitivity: 0.0002
Degree: 0.0008219
Coreness: 1.0
Number_Triangles: 0.0
Number_Cliques: 2547
Clique_number: 3
Clustering: 0.0473389
Edge_connectivity: 1
Betweeness: 0.0005699
Centrality: 0.4088527
Communicability: 2.71382962531e+13
Density: 0.0008219
Diameter: 3.0
Eccentricity: 2.0
Pagerank: 0
Radius: 2.0
Square_clustering: 0.0011123
