Size: 347
Order: 324
Assortativity: -0.9057974
Transitivity: 0.00306
Degree: 0.0066315
Coreness: 1.0
Number_Triangles: 0.0
Number_Cliques: 325
Clique_number: 3
Clustering: 0.0596952
Edge_connectivity: 1
Betweeness: 0.0053247
Centrality: 0.37188
Communicability: 1313.361261
Density: 0.0066315
Diameter: 4.0
Eccentricity: 3.0
Pagerank: 0
Radius: 2.0
Square_clustering: 0.0049309
