Size: 1437
Order: 1179
Assortativity: -0.9500375
Transitivity: 0.00259
Degree: 0.0020693
Coreness: 1.0
Number_Triangles: 0.0
Number_Cliques: 1178
Clique_number: 5
Clustering: 0.1871688
Edge_connectivity: 1
