Size: 354
Order: 308
Assortativity: -0.4684849
Transitivity: 0.00374
Degree: 0.0074876
Coreness: 1.0
Number_Triangles: 0.0
Number_Cliques: 333
Clique_number: 3
Clustering: 0.0399533
Edge_connectivity: 1
Betweeness: 0.007742
Centrality: 0.305449
Communicability: 534.6196261
Density: 0.0074876
Diameter: 7.0
Eccentricity: 5.0
Pagerank: 0
Radius: 4.0
Square_clustering: 0.0040138
