Size: 327
Order: 324
Assortativity: -0.9765586
Transitivity: 0.00023
Degree: 0.0062493
Coreness: 1.0
Number_Triangles: 0.0
Number_Cliques: 322
Clique_number: 3
Clustering: 0.0135805
Edge_connectivity: 1
Betweeness: 0.0030862
Centrality: 0.5023353
Communicability: 199930.896845
Density: 0.0062493
Diameter: 2.0
Eccentricity: 1.0
Pagerank: 0
Radius: 1.0
Square_clustering: 0.0185185
