Size: 2183
Order: 2088
Assortativity: -0.9240957
Transitivity: 1e-05
Degree: 0.0010019
Coreness: 1.0
Number_Triangles: 0.0
Number_Cliques: 2179
Clique_number: 3
Clustering: 0.0009579
Edge_connectivity: 1
Betweeness: 0.0009112
Centrality: 0.3483612
Communicability: 1.88382315012e+12
Density: 0.0010019
Diameter: 5.0
Eccentricity: 4.0
Pagerank: 0
Radius: 3.0
Square_clustering: 0.0010831
