Size: 371
Order: 325
Assortativity: -0.6625807
Transitivity: 0.00077
Degree: 0.0070465
Coreness: 1.0
Number_Triangles: 0.0
Number_Cliques: 360
Clique_number: 3
Clustering: 0.0185994
Edge_connectivity: 1
Betweeness: 0.0046117
Centrality: 0.4142638
Communicability: 51441.5689031
Density: 0.0070465
Diameter: 5.0
Eccentricity: 4.0
Pagerank: 0
Radius: 3.0
Square_clustering: 0.003686
