Size: 340
Order: 305
Assortativity: -0.7394079
Transitivity: 0.00148
Degree: 0.0073339
Coreness: 1.0
Number_Triangles: 0.0
Number_Cliques: 330
Clique_number: 3
Clustering: 0.0191999
Edge_connectivity: 1
Betweeness: 0.0073133
Centrality: 0.3152136
Communicability: 324.6024512
Density: 0.0073339
Diameter: 6.0
Eccentricity: 5.0
Pagerank: 0
Radius: 4.0
Square_clustering: 0.0013372
