Size: 2115
Order: 2022
Assortativity: -0.7186713
Transitivity: 0.00028
Degree: 0.0010351
Coreness: 1.0
Number_Triangles: 0.0
Number_Cliques: 2030
Clique_number: 3
Clustering: 0.0386603
Edge_connectivity: 1
