Size: 528
Order: 513
Assortativity: -0.7317821
Transitivity: 3e-05
Degree: 0.0040205
Coreness: 1.0
Number_Triangles: 0.0
Number_Cliques: 526
Clique_number: 3
Clustering: 0.0026012
Edge_connectivity: 1
Betweeness: 0.0031029
Centrality: 0.3999056
Communicability: 1632804.78014
Density: 0.0040205
Diameter: 5.0
Eccentricity: 4.0
Pagerank: 0
Radius: 3.0
Square_clustering: 0.0024334
