Size: 1318
Order: 1129
Assortativity: -0.8017807
Transitivity: 0.00191
Degree: 0.0020699
Coreness: 1.0
Number_Triangles: 0.0
Number_Cliques: 1162
Clique_number: 4
Clustering: 0.1169544
Edge_connectivity: 1
