Size: 1420
Order: 1096
Assortativity: -0.8803679
Transitivity: 0.00309
Degree: 0.0023664
Coreness: 1.0
Number_Triangles: 0.0
Number_Cliques: 1186
Clique_number: 4
Clustering: 0.1724011
Edge_connectivity: 1
Betweeness: 0.0015751
Centrality: 0.3724504
Communicability: 389017389.396
Density: 0.0023664
Diameter: 6.0
Eccentricity: 4.0
Pagerank: 0
Radius: 3.0
Square_clustering: 0.0012185
