Size: 2531
Order: 2162
Assortativity: -0.6894316
Transitivity: 0.0004
Degree: 0.0010835
Coreness: 1.0
Number_Triangles: 0.0
Number_Cliques: 2407
Clique_number: 3
Clustering: 0.0452556
Edge_connectivity: 1
Betweeness: 0.0007867
Centrality: 0.3779009
Communicability: 4.12671584511e+13
Density: 0.0010835
Diameter: 5.0
Eccentricity: 4.0
Pagerank: 0
Radius: 3.0
Square_clustering: 0.0018891
