Size: 747
Order: 649
Assortativity: -0.6484771
Transitivity: 0.00205
Degree: 0.0035525
Coreness: 1.0
Number_Triangles: 0.0
Number_Cliques: 708
Clique_number: 3
Clustering: 0.0396982
Edge_connectivity: 1
Betweeness: 0.0034989
Centrality: 0.3103455
Communicability: 39082.348736
Density: 0.0035525
Diameter: 9.0
Eccentricity: 6.0
Pagerank: 0
Radius: 5.0
Square_clustering: 0.0028683
