Size: 2277
Order: 2161
Assortativity: -0.7028767
Transitivity: 0.0002
Degree: 0.0009756
Coreness: 1.0
Number_Triangles: 0.0
Number_Cliques: 2202
Clique_number: 3
Clustering: 0.027417
Edge_connectivity: 1
