Size: 2620
Order: 2382
Assortativity: -0.6988018
Transitivity: 0.00056
Degree: 0.0009239
Coreness: 1.0
Number_Triangles: 0.0
Number_Cliques: 2466
Clique_number: 4
Clustering: 0.0532774
Edge_connectivity: 1
