Size: 2636
Order: 2513
Assortativity: -0.8027428
Transitivity: 0.0
Degree: 0.0008351
Coreness: 1.0
Number_Triangles: 0.0
Number_Cliques: 2633
Clique_number: 3
Clustering: 0.0010611
Edge_connectivity: 1
Betweeness: 0.0006433
Centrality: 0.3922141
Communicability: 1.07845400648e+16
Density: 0.0008351
Diameter: 5.0
Eccentricity: 4.0
