Size: 1386
Order: 1086
Assortativity: -0.6724842
Transitivity: 0.0038
Degree: 0.0023525
Coreness: 1.0
Number_Triangles: 0.0
Number_Cliques: 1154
Clique_number: 4
Clustering: 0.1708616
Edge_connectivity: 1
Betweeness: 0.0016001
Centrality: 0.3715212
Communicability: 155624421.575
Density: 0.0023525
Diameter: 6.0
Eccentricity: 4.0
Pagerank: 0
Radius: 3.0
Square_clustering: 0.0009375
