Size: 612
Order: 605
Assortativity: -0.874315
Transitivity: 2e-05
Degree: 0.0033496
Coreness: 1.0
Number_Triangles: 0.0
Number_Cliques: 610
Clique_number: 3
Clustering: 0.0022039
Edge_connectivity: 1
Betweeness: 0.0020388
Centrality: 0.4585174
Communicability: 34897026.7935
Density: 0.0033496
Diameter: 5.0
Eccentricity: 4.0
Pagerank: 0
Radius: 3.0
Square_clustering: 0.0013083
