Size: 2290
Order: 2181
Assortativity: -0.6972386
Transitivity: 0.00023
Degree: 0.0009633
Coreness: 1.0
Number_Triangles: 0.0
Number_Cliques: 2193
Clique_number: 4
Clustering: 0.0322762
Edge_connectivity: 1
Betweeness: 0.0006204
Centrality: 0.4314083
Communicability: 6.98902000033e+14
Density: 0.0009633
Diameter: 4.0
Eccentricity: 3.0
Pagerank: 0
Radius: 3.0
Square_clustering: 0.0005605
