Size: 2823
Order: 2317
Assortativity: -0.687926
Transitivity: 0.00244
Degree: 0.0010521
Coreness: 1.0
Number_Triangles: 0.0
Number_Cliques: 2623
Clique_number: 4
Clustering: 0.0548336
Edge_connectivity: 1
