Size: 1336
Order: 1037
Assortativity: -0.5901073
Transitivity: 0.00286
Degree: 0.0024871
Coreness: 1.0
Number_Triangles: 0.0
Number_Cliques: 1210
Clique_number: 4
Clustering: 0.0707612
Edge_connectivity: 1
