Size: 2447
Order: 2038
Assortativity: -0.7299654
Transitivity: 0.00114
Degree: 0.0011789
Coreness: 1.0
Number_Triangles: 0.0
Number_Cliques: 2049
Clique_number: 4
Clustering: 0.1682821
Edge_connectivity: 1
