Size: 1484
Order: 1200
Assortativity: -0.8263948
Transitivity: 0.00224
Degree: 0.0020628
Coreness: 1.0
Number_Triangles: 0.0
Number_Cliques: 1271
Clique_number: 4
Clustering: 0.1492084
Edge_connectivity: 1
