Size: 2361
Order: 2218
Assortativity: -0.7073728
Transitivity: 0.00014
Degree: 0.0009603
Coreness: 1.0
Number_Triangles: 0.0
Number_Cliques: 2299
Clique_number: 3
Clustering: 0.0211886
Edge_connectivity: 1
Betweeness: 0.0007378
Centrality: 0.389179
Communicability: 4.02996383537e+14
Density: 0.0009603
Diameter: 4.0
Eccentricity: 3.0
Pagerank: 0
Radius: 2.0
Square_clustering: 0.000242
