Size: 542
Order: 526
Assortativity: -0.8307426
Transitivity: 0.00057
Degree: 0.0039254
Coreness: 1.0
Number_Triangles: 0.0
Number_Cliques: 525
Clique_number: 3
Clustering: 0.030421
Edge_connectivity: 1
Betweeness: 0.0026344
Centrality: 0.4231751
Communicability: 597365.945612
Density: 0.0039254
Diameter: 3.0
Eccentricity: 2.0
Pagerank: 0
Radius: 2.0
Square_clustering: 0.0071691
