Size: 1329
Order: 1171
Assortativity: -0.7868251
Transitivity: 0.00179
Degree: 0.00194
Coreness: 1.0
Number_Triangles: 0.0
Number_Cliques: 1182
Clique_number: 4
Clustering: 0.0915397
Edge_connectivity: 1
