Size: 327
Order: 302
Assortativity: -0.5799396
Transitivity: 0.00118
Degree: 0.0071946
Coreness: 1.0
Number_Triangles: 0.0
Number_Cliques: 317
Clique_number: 3
Clustering: 0.0243511
Edge_connectivity: 1
Betweeness: 0.0063319
Centrality: 0.3558277
Communicability: 3371.4698068
Density: 0.0071946
Diameter: 6.0
Eccentricity: 5.0
Pagerank: 0
Radius: 3.0
Square_clustering: 0.0061179
