Size: 555
Order: 509
Assortativity: -0.7780327
Transitivity: 0.00219
Degree: 0.0042928
Coreness: 1.0
Number_Triangles: 0.0
Number_Cliques: 517
Clique_number: 3
Clustering: 0.0607702
Edge_connectivity: 1
Betweeness: 0.0034951
Centrality: 0.3679247
Communicability: 41921.2671947
Density: 0.0042928
Diameter: 7.0
Eccentricity: 5.0
Pagerank: 0
Radius: 4.0
Square_clustering: 0.0009698
