Size: 2572
Order: 2137
Assortativity: -0.5561088
Transitivity: 0.00089
Degree: 0.0011269
Coreness: 1.0
Number_Triangles: 0.0
Number_Cliques: 2315
Clique_number: 5
Clustering: 0.0698358
Edge_connectivity: 1
