Size: 2703
Order: 2018
Assortativity: -0.5917703
Transitivity: 0.00238
Degree: 0.0013282
Coreness: 1.0
Number_Triangles: 1.0
Number_Cliques: 2230
Clique_number: 5
Clustering: 0.1603491
Edge_connectivity: 1
Betweeness: 0.0007948
Centrality: 0.3891026
Communicability: 3.14288227649e+12
Density: 0.0013282
Diameter: 4.0
Eccentricity: 3.0
Pagerank: 0
Radius: 3.0
Square_clustering: 0.0008296
