Size: 1552
Order: 1172
Assortativity: -0.6920871
Transitivity: 0.00482
Degree: 0.0022617
Coreness: 1.0
Number_Triangles: 1.0
Number_Cliques: 1222
Clique_number: 5
Clustering: 0.2057287
Edge_connectivity: 1
