Size: 716
Order: 637
Assortativity: -0.6487964
Transitivity: 0.0005
Degree: 0.0035347
Coreness: 1.0
Number_Triangles: 0.0
Number_Cliques: 700
Clique_number: 3
Clustering: 0.0100837
Edge_connectivity: 1
Betweeness: 0.0027213
Centrality: 0.3754189
Communicability: 2943983.21028
Density: 0.0035347
Diameter: 4.0
Eccentricity: 3.0
Pagerank: 0
Radius: 3.0
Square_clustering: 0.0021411
