Size: 1200
Order: 1042
Assortativity: -0.8051268
Transitivity: 0.00088
Degree: 0.0022125
Coreness: 1.0
Number_Triangles: 0.0
Number_Cliques: 1160
Clique_number: 4
Clustering: 0.0251207
Edge_connectivity: 1
