Size: 1483
Order: 1233
Assortativity: -0.6633617
Transitivity: 0.00202
Degree: 0.0019525
Coreness: 1.0
Number_Triangles: 0.0
Number_Cliques: 1360
Clique_number: 4
Clustering: 0.0843626
Edge_connectivity: 1
Betweeness: 0.0017055
Centrality: 0.3278418
Communicability: 20018930.1231
Density: 0.0019525
Diameter: 6.0
Eccentricity: 4.0
Pagerank: 0
Radius: 4.0
Square_clustering: 0.0023403
