Size: 112
Order: 112
Assortativity: -0.8042162
Transitivity: 0.00135
Degree: 0.018018
Coreness: 1.0
Number_Triangles: 0.0
Number_Cliques: 110
Clique_number: 3
Clustering: 0.0090729
Edge_connectivity: 1
Betweeness: 0.0220121
Centrality: 0.2939926
Communicability: 18.3000133
Density: 0.018018
Diameter: 6.0
Eccentricity: 5.0
Pagerank: 0
Radius: 3.0
Square_clustering: 0.0
