Size: 334
Order: 307
Assortativity: -0.5857781
Transitivity: 0.00027
Degree: 0.0071108
Coreness: 1.0
Number_Triangles: 0.0
Number_Cliques: 331
Clique_number: 3
Clustering: 0.0065432
Edge_connectivity: 1
Betweeness: 0.0065034
Centrality: 0.3479389
Communicability: 4971.6193488
Density: 0.0071108
Diameter: 6.0
Eccentricity: 4.0
Pagerank: 0
Radius: 3.0
Square_clustering: 0.0024659
