Size: 1507
Order: 1011
Assortativity: -0.680422
Transitivity: 0.00697
Degree: 0.0029517
Coreness: 1.0
Number_Triangles: 1.0
Number_Cliques: 1114
Clique_number: 5
Clustering: 0.2601841
Edge_connectivity: 1
Betweeness: 0.0016354
Centrality: 0.3833624
Communicability: 668800230.992
Density: 0.0029517
Diameter: 5.0
Eccentricity: 4.0
Pagerank: 0
Radius: 3.0
Square_clustering: 0.0020205
