Size: 1073
Order: 1032
Assortativity: -0.9085277
Transitivity: 0.00045
Degree: 0.0020169
Coreness: 1.0
Number_Triangles: 0.0
Number_Cliques: 1032
Clique_number: 3
Clustering: 0.0353805
Edge_connectivity: 1
