Size: 643
Order: 543
Assortativity: -0.6207057
Transitivity: 0.00159
Degree: 0.0043696
Coreness: 1.0
Number_Triangles: 0.0
Number_Cliques: 623
Clique_number: 3
Clustering: 0.0167161
Edge_connectivity: 1
Betweeness: 0.0056513
Centrality: 0.2527174
Communicability: 773.3193611
Density: 0.0043696
Diameter: 8.0
Eccentricity: 6.0
Pagerank: 0
Radius: 4.0
Square_clustering: 0.0025837
