Size: 357
Order: 312
Assortativity: -0.4217146
Transitivity: 0.00266
Degree: 0.0073584
Coreness: 1.0
Number_Triangles: 0.0
Number_Cliques: 341
Clique_number: 3
Clustering: 0.0238506
Edge_connectivity: 1
Betweeness: 0.0083059
Centrality: 0.2881651
Communicability: 218.5138749
Density: 0.0073584
Diameter: 7.0
Eccentricity: 5.0
Pagerank: 0.0032051
Radius: 4.0
Square_clustering: 0.0082297
