Size: 1149
Order: 1014
Assortativity: -0.6551367
Transitivity: 0.0014
Degree: 0.0022372
Coreness: 1.0
Number_Triangles: 0.0
Number_Cliques: 1094
Clique_number: 3
Clustering: 0.0371212
Edge_connectivity: 1
