Size: 1329
Order: 1171
Assortativity: -0.7868251
Transitivity: 0.00179
Degree: 0.00194
Coreness: 1.0
Number_Triangles: 0.0
Number_Cliques: 1182
Clique_number: 4
Clustering: 0.0915397
Edge_connectivity: 1
Betweeness: 0.0013577
Centrality: 0.3906555
Communicability: 248691533.124
Density: 0.00194
Diameter: 5.0
Eccentricity: 4.0
Pagerank: 0
Radius: 3.0
Square_clustering: 0.000356
