Size: 102
Order: 101
Assortativity: -0.913567
Transitivity: 0.00129
Degree: 0.020198
Coreness: 1.0
Number_Triangles: 0.0
Number_Cliques: 99
Clique_number: 3
Clustering: 0.0217864
Edge_connectivity: 1
Betweeness: 0.0106571
Centrality: 0.4923085
Communicability: 193.4298745
Density: 0.020198
Diameter: 4.0
Eccentricity: 3.0
Pagerank: 0
Radius: 2.0
Square_clustering: 0.0101058
