Size: 103
Order: 102
Assortativity: -0.6471249
Transitivity: 0.00103
Degree: 0.0199961
Coreness: 1.0
Number_Triangles: 0.0
Number_Cliques: 101
Clique_number: 3
Clustering: 0.0102743
Edge_connectivity: 1
Betweeness: 0.0165774
Centrality: 0.3899425
Communicability: 59.6267517
Density: 0.0199961
Diameter: 6.0
Eccentricity: 4.0
Pagerank: 0
Radius: 3.0
Square_clustering: 0.0
