Size: 119
Order: 106
Assortativity: -0.8288365
Transitivity: 0.01352
Degree: 0.0213836
Coreness: 1.0
Number_Triangles: 0.0
Number_Cliques: 106
Clique_number: 3
Clustering: 0.1134165
Edge_connectivity: 1
Betweeness: 0.0170589
Centrality: 0.3680173
Communicability: 44.5271089
Density: 0.0213836
Diameter: 4.0
Eccentricity: 3.0
Pagerank: 0
Radius: 3.0
Square_clustering: 0.0125066
