Size: 619
Order: 592
Assortativity: -0.8098042
Transitivity: 0.0
Degree: 0.0035384
Coreness: 1.0
Number_Triangles: 0.0
Number_Cliques: 619
Clique_number: 2
Clustering: 0.0
Edge_connectivity: 1
Betweeness: 0.0023427
Centrality: 0.431576
Communicability: 15028235.4606
Density: 0.0035384
Diameter: 5.0
Eccentricity: 4.0
Pagerank: 0
Radius: 3.0
Square_clustering: 0.0082675
