Size: 380
Order: 378
Assortativity: -0.9300027
Transitivity: 0.00014
Degree: 0.0053331
Coreness: 1.0
Number_Triangles: 0.0
Number_Cliques: 376
Clique_number: 3
Clustering: 0.0080028
Edge_connectivity: 1
Betweeness: 0.0028071
Centrality: 0.4892846
Communicability: 529896.631442
Density: 0.0053331
Diameter: 3.0
Eccentricity: 2.0
Pagerank: 0
Radius: 2.0
Square_clustering: 0.0052947
