Size: 151
Order: 129
Assortativity: -0.9426537
Transitivity: 0.01249
Degree: 0.0182897
Coreness: 1.0
Number_Triangles: 0.0
Number_Cliques: 127
Clique_number: 3
Clustering: 0.1667984
Edge_connectivity: 1
Betweeness: 0.0104987
Centrality: 0.4329963
Communicability: 250.0597406
Density: 0.0182897
Diameter: 4.0
Eccentricity: 3.0
Pagerank: 0
Radius: 2.0
Square_clustering: 0.0098454
