Size: 2306
Order: 2174
Assortativity: -0.6694436
Transitivity: 0.0002
Degree: 0.0009763
Coreness: 1.0
Number_Triangles: 0.0
Number_Cliques: 2229
Clique_number: 3
Clustering: 0.0259215
Edge_connectivity: 1
