Size: 2279
Order: 2007
Assortativity: -0.5966614
Transitivity: 0.00073
Degree: 0.0011321
Coreness: 1.0
Number_Triangles: 0.0
Number_Cliques: 2143
Clique_number: 4
Clustering: 0.0486319
Edge_connectivity: 1
