Size: 1281
Order: 1124
Assortativity: -0.4995514
Transitivity: 0.00153
Degree: 0.0020297
Coreness: 1.0
Number_Triangles: 0.0
Number_Cliques: 1199
Clique_number: 4
Clustering: 0.0492833
Edge_connectivity: 1
Betweeness: 0.0021291
Centrality: 0.2985756
Communicability: 6266526.3539
Density: 0.0020297
Diameter: 6.0
Eccentricity: 5.0
Pagerank: 0
Radius: 3.0
Square_clustering: 0.0019402
