Size: 2967
Order: 2332
Assortativity: -0.6388331
Transitivity: 0.00422
Degree: 0.0010916
Coreness: 1.0
Number_Triangles: 1.0
Number_Cliques: 2431
Clique_number: 6
Clustering: 0.1391828
Edge_connectivity: 1
