Size: 759
Order: 553
Assortativity: -0.9187279
Transitivity: 0.0061
Degree: 0.0049729
Coreness: 1.0
Number_Triangles: 1.0
Number_Cliques: 558
Clique_number: 3
Clustering: 0.3557144
Edge_connectivity: 1
Betweeness: 0.0028638
Centrality: 0.392138
Communicability: 10807298.2278
Density: 0.0049729
Diameter: 4.0
Eccentricity: 3.0
Pagerank: 0
Radius: 2.0
Square_clustering: 0.012188
