Size: 521
Order: 519
Assortativity: -0.8824528
Transitivity: 8e-05
Degree: 0.0038759
Coreness: 1.0
Number_Triangles: 0.0
Number_Cliques: 517
Clique_number: 3
Clustering: 0.0057886
Edge_connectivity: 1
Betweeness: 0.0021754
Centrality: 0.47497
Communicability: 6813546.09531
Density: 0.0038759
Diameter: 4.0
Eccentricity: 3.0
Pagerank: 0
Radius: 2.0
Square_clustering: 0.0019393
