Size: 133
Order: 115
Assortativity: -0.8101186
Transitivity: 0.00313
Degree: 0.0202899
Coreness: 1.0
Number_Triangles: 0.0
Number_Cliques: 130
Clique_number: 3
Clustering: 0.0174458
Edge_connectivity: 1
Betweeness: 0.0192598
Centrality: 0.3194727
Communicability: 13.027305
Density: 0.0202899
Diameter: 5.0
Eccentricity: 4.0
Pagerank: 0.0086957
Radius: 3.0
Square_clustering: 0.0084112
