Size: 101
Order: 100
Assortativity: -0.9448416
Transitivity: 0.00126
Degree: 0.020404
Coreness: 1.0
Number_Triangles: 0.0
Number_Cliques: 98
Clique_number: 3
Clustering: 0.0266709
Edge_connectivity: 1
Betweeness: 0.0101958
Centrality: 0.5034201
Communicability: 205.1378054
Density: 0.020404
Diameter: 3.0
Eccentricity: 2.0
Pagerank: 0
Radius: 2.0
Square_clustering: 0.032
