Size: 109
Order: 102
Assortativity: -0.6235438
Transitivity: 0.0068
Degree: 0.0211609
Coreness: 1.0
Number_Triangles: 0.0
Number_Cliques: 99
Clique_number: 3
Clustering: 0.0632424
Edge_connectivity: 1
Betweeness: 0.0163405
Centrality: 0.3884654
Communicability: 46.5137087
Density: 0.0211609
Diameter: 4.0
Eccentricity: 3.0
Pagerank: 0.0098039
Radius: 3.0
Square_clustering: 0.0009859
