Size: 366
Order: 339
Assortativity: -0.7128166
Transitivity: 0.00028
Degree: 0.0063884
Coreness: 1.0
Number_Triangles: 0.0
Number_Cliques: 362
Clique_number: 3
Clustering: 0.0073765
Edge_connectivity: 1
Betweeness: 0.0066271
Centrality: 0.3126474
Communicability: 1433.6466546
Density: 0.0063884
Diameter: 5.0
Eccentricity: 4.0
Pagerank: 0
Radius: 3.0
Square_clustering: 0.0032954
