Size: 133
Order: 126
Assortativity: -0.5805349
Transitivity: 0.00254
Degree: 0.0168889
Coreness: 1.0
Number_Triangles: 0.0
Number_Cliques: 128
Clique_number: 3
Clustering: 0.0193871
Edge_connectivity: 1
Betweeness: 0.0177542
Centrality: 0.3210199
Communicability: 63.5925594
Density: 0.0168889
Diameter: 6.0
Eccentricity: 5.0
Pagerank: 0
Radius: 3.0
Square_clustering: 0.0012067
