Size: 2743
Order: 2443
Assortativity: -0.5696273
Transitivity: 0.00017
Degree: 0.0009196
Coreness: 1.0
Number_Triangles: 0.0
Number_Cliques: 2681
Clique_number: 3
Clustering: 0.018492
Edge_connectivity: 1
Betweeness: 0.0007048
Centrality: 0.3766882
Communicability: 4.29972276455e+14
Density: 0.0009196
Diameter: 4.0
Eccentricity: 3.0
Pagerank: 0
Radius: 2.0
Square_clustering: 0.0025543
