Size: 3034
Order: 2557
Assortativity: -0.4436877
Transitivity: 0.00048
Degree: 0.0009284
Coreness: 1.0
Number_Triangles: 0.0
Number_Cliques: 2841
Clique_number: 4
Clustering: 0.0580982
Edge_connectivity: 1
