Size: 2703
Order: 2018
Assortativity: -0.5917703
Transitivity: 0.00238
Degree: 0.0013282
Coreness: 1.0
Number_Triangles: 1.0
Number_Cliques: 2230
Clique_number: 5
Clustering: 0.1603491
Edge_connectivity: 1
