Size: 623
Order: 604
Assortativity: -0.9452246
Transitivity: 0.00059
Degree: 0.0034211
Coreness: 1.0
Number_Triangles: 0.0
Number_Cliques: 604
Clique_number: 3
Clustering: 0.0267673
Edge_connectivity: 1
Betweeness: 0.0025392
Centrality: 0.398038
Communicability: 189056.860529
Density: 0.0034211
Diameter: 4.0
Eccentricity: 3.0
Pagerank: 0
Radius: 3.0
Square_clustering: 0.0009411
