Size: 1164
Order: 1107
Assortativity: -0.8614669
Transitivity: 0.00029
Degree: 0.0019014
Coreness: 1.0
Number_Triangles: 0.0
Number_Cliques: 1134
Clique_number: 3
Clustering: 0.0171639
Edge_connectivity: 1
