Size: 572
Order: 536
Assortativity: -0.6995131
Transitivity: 0.00096
Degree: 0.0039894
Coreness: 1.0
Number_Triangles: 0.0
Number_Cliques: 548
Clique_number: 3
Clustering: 0.02859
Edge_connectivity: 1
Betweeness: 0.0024897
Centrality: 0.4375883
Communicability: 3221523.9893
Density: 0.0039894
Diameter: 4.0
Eccentricity: 3.0
Pagerank: 0
Radius: 2.0
Square_clustering: 0.0004655
