Size: 1169
Order: 1041
Assortativity: -0.7883056
Transitivity: 0.00118
Degree: 0.0021595
Coreness: 1.0
Number_Triangles: 0.0
Number_Cliques: 1078
Clique_number: 3
Clustering: 0.081305
Edge_connectivity: 1
Betweeness: 0.0017981
Centrality: 0.3543925
Communicability: 18982357.2868
Density: 0.0021595
Diameter: 5.0
Eccentricity: 4.0
Pagerank: 0
Radius: 3.0
Square_clustering: 0.0012545
