Size: 2615
Order: 2063
Assortativity: -0.6451912
Transitivity: 0.00143
Degree: 0.0012295
Coreness: 1.0
Number_Triangles: 1.0
Number_Cliques: 2094
Clique_number: 5
Clustering: 0.1688789
Edge_connectivity: 1
Betweeness: 0.0006309
Centrality: 0.4399426
Communicability: 9.66184063987e+14
Density: 0.0012295
Diameter: 5.0
Eccentricity: 4.0
Pagerank: 0
Radius: 3.0
Square_clustering: 0.0009023
