Size: 548
Order: 542
Assortativity: -0.9096607
Transitivity: 0.00011
Degree: 0.0037378
Coreness: 1.0
Number_Triangles: 0.0
Number_Cliques: 540
Clique_number: 3
Clustering: 0.0082323
Edge_connectivity: 1
Betweeness: 0.0020365
Centrality: 0.4814883
Communicability: 15171543.5015
Density: 0.0037378
Diameter: 5.0
Eccentricity: 4.0
Pagerank: 0
Radius: 3.0
Square_clustering: 0.0006412
