Size: 1345
Order: 1213
Assortativity: -0.6633211
Transitivity: 0.00069
Degree: 0.0018297
Coreness: 1.0
Number_Triangles: 0.0
Number_Cliques: 1292
Clique_number: 3
Clustering: 0.017892
Edge_connectivity: 1
