Size: 389
Order: 346
Assortativity: -0.8110739
Transitivity: 0.00027
Degree: 0.0065176
Coreness: 1.0
Number_Triangles: 0.0
Number_Cliques: 383
Clique_number: 3
Clustering: 0.0096354
Edge_connectivity: 1
Betweeness: 0.0044413
Centrality: 0.4057655
Communicability: 64444.3749882
Density: 0.0065176
Diameter: 4.0
Eccentricity: 3.0
Pagerank: 0
Radius: 2.0
Square_clustering: 0.0086181
