Size: 1187
Order: 1001
Assortativity: -0.6089778
Transitivity: 0.00234
Degree: 0.0023716
Coreness: 1.0
Number_Triangles: 0.0
Number_Cliques: 1100
Clique_number: 4
Clustering: 0.0592423
Edge_connectivity: 1
