Size: 324
Order: 303
Assortativity: -0.6959232
Transitivity: 0.00057
Degree: 0.0070815
Coreness: 1.0
Number_Triangles: 0.0
Number_Cliques: 318
Clique_number: 4
Clustering: 0.0083209
Edge_connectivity: 1
Betweeness: 0.005654
Centrality: 0.379381
Communicability: 8916.2023038
Density: 0.0070815
Diameter: 5.0
Eccentricity: 4.0
Pagerank: 0
Radius: 3.0
Square_clustering: 0.0104443
