Size: 651
Order: 588
Assortativity: -0.7029048
Transitivity: 0.00145
Degree: 0.0037722
Coreness: 1.0
Number_Triangles: 0.0
Number_Cliques: 628
Clique_number: 3
Clustering: 0.0207988
Edge_connectivity: 1
Betweeness: 0.0034622
Centrality: 0.334326
Communicability: 89430.0393342
Density: 0.0037722
Diameter: 7.0
Eccentricity: 5.0
Pagerank: 0
Radius: 4.0
Square_clustering: 0.0036612
