Size: 2907
Order: 2242
Assortativity: -0.8146332
Transitivity: 0.00292
Degree: 0.0011572
Coreness: 1.0
Number_Triangles: 0.0
Number_Cliques: 2509
Clique_number: 5
Clustering: 0.1219596
Edge_connectivity: 1
