Size: 687
Order: 612
Assortativity: -0.6856196
Transitivity: 0.00016
Degree: 0.0036745
Coreness: 1.0
Number_Triangles: 0.0
Number_Cliques: 679
Clique_number: 3
Clustering: 0.003457
Edge_connectivity: 1
Betweeness: 0.0028741
Centrality: 0.372612
Communicability: 2449963.91736
Density: 0.0036745
Diameter: 5.0
Eccentricity: 4.0
Pagerank: 0
Radius: 3.0
Square_clustering: 0.0056133
