Size: 115
Order: 112
Assortativity: -0.917117
Transitivity: 0.0
Degree: 0.0185006
Coreness: 1.0
Number_Triangles: 0.0
Number_Cliques: 115
Clique_number: 2
Clustering: 0.0
Edge_connectivity: 1
Betweeness: 0.0176597
Centrality: 0.3454985
Communicability: 38.3333744
Density: 0.0185006
Diameter: 6.0
Eccentricity: 4.0
Pagerank: 0
Radius: 3.0
Square_clustering: 0.0149512
