Size: 363
Order: 362
Assortativity: -0.9030306
Transitivity: 0.0001
Degree: 0.0055555
Coreness: 1.0
Number_Triangles: 0.0
Number_Cliques: 360
Clique_number: 3
Clustering: 0.0055489
Edge_connectivity: 1
Betweeness: 0.0030362
Centrality: 0.4815367
Communicability: 299518.399374
Density: 0.0055555
Diameter: 3.0
Eccentricity: 2.0
Pagerank: 0
Radius: 2.0
Square_clustering: 0.0055257
