Size: 1484
Order: 1250
Assortativity: -0.8013456
Transitivity: 0.00306
Degree: 0.001901
Coreness: 1.0
Number_Triangles: 0.0
Number_Cliques: 1268
Clique_number: 5
Clustering: 0.1192354
Edge_connectivity: 1
