Size: 396
Order: 383
Assortativity: -0.7913502
Transitivity: 0.00085
Degree: 0.0054133
Coreness: 1.0
Number_Triangles: 0.0
Number_Cliques: 381
Clique_number: 3
Clustering: 0.0365627
Edge_connectivity: 1
Betweeness: 0.0034898
Centrality: 0.4341547
Communicability: 96662.5949143
Density: 0.0054133
Diameter: 4.0
Eccentricity: 3.0
Pagerank: 0
Radius: 2.0
Square_clustering: 0.0028623
