Size: 1118
Order: 1028
Assortativity: -0.8337804
Transitivity: 0.00101
Degree: 0.0021179
Coreness: 1.0
Number_Triangles: 0.0
Number_Cliques: 1065
Clique_number: 4
Clustering: 0.0383422
Edge_connectivity: 1
