Size: 138
Order: 129
Assortativity: -0.6835612
Transitivity: 0.0062
Degree: 0.0167151
Coreness: 1.0
Number_Triangles: 0.0
Number_Cliques: 131
Clique_number: 3
Clustering: 0.0261009
Edge_connectivity: 1
Betweeness: 0.018408
Centrality: 0.3052006
Communicability: 12.1130474
Density: 0.0167151
Diameter: 6.0
Eccentricity: 5.0
Pagerank: 0.0077519
Radius: 3.0
Square_clustering: 0.014553
