Size: 101
Order: 100
Assortativity: -0.7886921
Transitivity: 0.00172
Degree: 0.020404
Coreness: 1.0
Number_Triangles: 0.0
Number_Cliques: 98
Clique_number: 3
Clustering: 0.020123
Edge_connectivity: 1
Betweeness: 0.0128345
Centrality: 0.4497681
Communicability: 91.6762188
Density: 0.020404
Diameter: 4.0
Eccentricity: 3.0
Pagerank: 0
Radius: 2.0
Square_clustering: 0.010492
