Size: 344
Order: 324
Assortativity: -0.6890723
Transitivity: 0.00035
Degree: 0.0065742
Coreness: 1.0
Number_Triangles: 0.0
Number_Cliques: 338
Clique_number: 3
Clustering: 0.0106254
Edge_connectivity: 1
Betweeness: 0.0047436
Centrality: 0.4063252
Communicability: 26189.2619208
Density: 0.0065742
Diameter: 5.0
Eccentricity: 4.0
Pagerank: 0
Radius: 3.0
Square_clustering: 0.005275
