Size: 2378
Order: 2276
Assortativity: -0.7530685
Transitivity: 0.00012
Degree: 0.0009185
Coreness: 1.0
Number_Triangles: 0.0
Number_Cliques: 2304
Clique_number: 4
Clustering: 0.023284
Edge_connectivity: 1
Betweeness: 0.0005844
Centrality: 0.4402055
Communicability: 1.38113904056e+16
Density: 0.0009185
Diameter: 6.0
Eccentricity: 4.0
Pagerank: 0
Radius: 3.0
Square_clustering: 0.0016586
