Size: 2765
Order: 2254
Assortativity: -0.668744
Transitivity: 0.00133
Degree: 0.001089
Coreness: 1.0
Number_Triangles: 0.0
Number_Cliques: 2327
Clique_number: 4
Clustering: 0.1296434
Edge_connectivity: 1
