Size: 1483
Order: 1233
Assortativity: -0.6633617
Transitivity: 0.00202
Degree: 0.0019525
Coreness: 1.0
Number_Triangles: 0.0
Number_Cliques: 1360
Clique_number: 4
Clustering: 0.0843626
Edge_connectivity: 1
