Size: 360
Order: 330
Assortativity: -0.7307897
Transitivity: 0.00015
Degree: 0.0066317
Coreness: 1.0
Number_Triangles: 0.0
Number_Cliques: 358
Clique_number: 3
Clustering: 0.0040455
Edge_connectivity: 1
Betweeness: 0.0068867
Centrality: 0.3103653
Communicability: 1128.4548037
Density: 0.0066317
Diameter: 5.0
Eccentricity: 4.0
Pagerank: 0
Radius: 3.0
Square_clustering: 0.0068235
