Size: 1359
Order: 1156
Assortativity: -0.6828135
Transitivity: 0.00237
Degree: 0.0020357
Coreness: 1.0
Number_Triangles: 0.0
Number_Cliques: 1224
Clique_number: 4
Clustering: 0.0846433
Edge_connectivity: 1
