Size: 2353
Order: 2352
Assortativity: -0.982624
Transitivity: 0.0
Degree: 0.0008511
Coreness: 1.0
Number_Triangles: 0.0
Number_Cliques: 2350
Clique_number: 3
Clustering: 0.000854
Edge_connectivity: 1
Betweeness: 0.000432
Centrality: 0.4969847
Communicability: 3.99400857422e+17
Density: 0.0008511
Diameter: 3.0
Eccentricity: 2.0
Pagerank: 0
Radius: 2.0
Square_clustering: 0.0008504
