Size: 2036
Order: 1188
Assortativity: -0.6101339
Transitivity: 0.01096
Degree: 0.0028876
Coreness: 1.0
Number_Triangles: 3.0
Number_Cliques: 1260
Clique_number: 7
Clustering: 0.3354722
Edge_connectivity: 1
