Size: 1260
Order: 1212
Assortativity: -0.8092897
Transitivity: 0.00025
Degree: 0.0017169
Coreness: 1.0
Number_Triangles: 0.0
Number_Cliques: 1211
Clique_number: 3
Clustering: 0.038781
Edge_connectivity: 1
Betweeness: 0.0009956
Centrality: 0.4580862
Communicability: 128815027724.0
Density: 0.0017169
Diameter: 3.0
Eccentricity: 2.0
Pagerank: 0
Radius: 2.0
Square_clustering: 0.00085
