Size: 1658
Order: 1091
Assortativity: -0.6781824
Transitivity: 0.00547
Degree: 0.0027885
Coreness: 1.0
Number_Triangles: 1.0
Number_Cliques: 1222
Clique_number: 5
Clustering: 0.2998182
Edge_connectivity: 1
