Size: 1238
Order: 1236
Assortativity: -0.8481837
Transitivity: 1e-05
Degree: 0.0016221
Coreness: 1.0
Number_Triangles: 0.0
Number_Cliques: 1234
Clique_number: 3
Clustering: 0.0024275
Edge_connectivity: 1
Betweeness: 0.000959
Centrality: 0.4625575
Communicability: 229048931366.0
Density: 0.0016221
Diameter: 3.0
Eccentricity: 2.0
Pagerank: 0
Radius: 2.0
Square_clustering: 0.0016182
