Size: 2447
Order: 2040
Assortativity: -0.5477493
Transitivity: 0.00187
Degree: 0.0011766
Coreness: 1.0
Number_Triangles: 0.0
Number_Cliques: 2225
Clique_number: 4
Clustering: 0.0722319
Edge_connectivity: 1
Betweeness: 0.0010854
Centrality: 0.3168106
Communicability: 648095426.231
Density: 0.0011766
Diameter: 8.0
Eccentricity: 6.0
Pagerank: 0
Radius: 5.0
Square_clustering: 0.002806
