Size: 2573
Order: 2388
Assortativity: -0.8494232
Transitivity: 0.00052
Degree: 0.0009028
Coreness: 1.0
Number_Triangles: 0.0
Number_Cliques: 2389
Clique_number: 4
Clustering: 0.0626333
Edge_connectivity: 1
