Size: 1247
Order: 1011
Assortativity: -0.7397227
Transitivity: 0.00057
Degree: 0.0024424
Coreness: 1.0
Number_Triangles: 0.0
Number_Cliques: 1210
Clique_number: 3
Clustering: 0.0260575
Edge_connectivity: 1
Betweeness: 0.0019561
Centrality: 0.339016
Communicability: 17529137.8402
Density: 0.0024424
Diameter: 6.0
Eccentricity: 4.0
Pagerank: 0
Radius: 3.0
Square_clustering: 0.0053967
