Size: 325
Order: 323
Assortativity: -0.8442594
Transitivity: 0.00014
Degree: 0.0062496
Coreness: 1.0
Number_Triangles: 0.0
Number_Cliques: 322
Clique_number: 3
Clustering: 0.0062063
Edge_connectivity: 1
Betweeness: 0.0036725
Centrality: 0.4648997
Communicability: 82589.6357531
Density: 0.0062496
Diameter: 4.0
Eccentricity: 3.0
Pagerank: 0
Radius: 2.0
Square_clustering: 0.01239
