Size: 2075
Order: 2049
Assortativity: -0.9142523
Transitivity: 5e-05
Degree: 0.000989
Coreness: 1.0
Number_Triangles: 0.0
Number_Cliques: 2045
Clique_number: 4
Clustering: 0.011119
Edge_connectivity: 1
Betweeness: 0.0005249
Centrality: 0.4851152
Communicability: 1.00273312915e+16
Density: 0.000989
Diameter: 4.0
Eccentricity: 3.0
Pagerank: 0
Radius: 2.0
Square_clustering: 0.0005965
