Size: 1471
Order: 1139
Assortativity: -0.8649285
Transitivity: 0.00407
Degree: 0.0022697
Coreness: 1.0
Number_Triangles: 1.0
Number_Cliques: 1139
Clique_number: 5
Clustering: 0.2062958
Edge_connectivity: 1
Betweeness: 0.0013526
Centrality: 0.3951804
Communicability: 688294647.619
Density: 0.0022697
Diameter: 4.0
Eccentricity: 3.0
Pagerank: 0
Radius: 2.0
Square_clustering: 0.0014389
