Size: 1260
Order: 1212
Assortativity: -0.8092897
Transitivity: 0.00025
Degree: 0.0017169
Coreness: 1.0
Number_Triangles: 0.0
Number_Cliques: 1211
Clique_number: 3
Clustering: 0.038781
Edge_connectivity: 1
