Size: 3104
Order: 2097
Assortativity: -0.5473506
Transitivity: 0.0071
Degree: 0.0014124
Coreness: 1.0
Number_Triangles: 1.0
Number_Cliques: 2422
Clique_number: 6
Clustering: 0.1895839
Edge_connectivity: 1
