Size: 1248
Order: 1008
Assortativity: -0.4801368
Transitivity: 0.00073
Degree: 0.002459
Coreness: 1.0
Number_Triangles: 0.0
Number_Cliques: 1203
Clique_number: 3
Clustering: 0.0150729
Edge_connectivity: 1
Betweeness: 0.0023421
Centrality: 0.3019375
Communicability: 1047460.85944
Density: 0.002459
Diameter: 7.0
Eccentricity: 5.0
Pagerank: 0
Radius: 4.0
Square_clustering: 0.0014664
