Size: 774
Order: 525
Assortativity: -0.6921113
Transitivity: 0.00135
Degree: 0.005627
Coreness: 1.0
Number_Triangles: 0.0
Number_Cliques: 744
Clique_number: 3
Clustering: 0.0272043
Edge_connectivity: 1
Betweeness: 0.0031734
Centrality: 0.3834317
Communicability: 5385742.46952
Density: 0.005627
Diameter: 6.0
Eccentricity: 4.0
Pagerank: 0
Radius: 3.0
Square_clustering: 0.0110768
