Size: 2447
Order: 2038
Assortativity: -0.7299654
Transitivity: 0.00114
Degree: 0.0011789
Coreness: 1.0
Number_Triangles: 0.0
Number_Cliques: 2049
Clique_number: 4
Clustering: 0.1682821
Edge_connectivity: 1
Betweeness: 0.0007121
Centrality: 0.411789
Communicability: 1.53151893575e+13
Density: 0.0011789
Diameter: 4.0
Eccentricity: 3.0
Pagerank: 0
Radius: 2.0
Square_clustering: 0.0014741
