Size: 408
Order: 370
Assortativity: -0.952167
Transitivity: 0.00289
Degree: 0.0059767
Coreness: 1.0
Number_Triangles: 0.0
Number_Cliques: 368
Clique_number: 3
Clustering: 0.1054161
Edge_connectivity: 1
Betweeness: 0.0038887
Centrality: 0.4148237
Communicability: 25310.2949727
Density: 0.0059767
Diameter: 5.0
Eccentricity: 4.0
Pagerank: 0
Radius: 3.0
Square_clustering: 0.0037406
