Size: 1449
Order: 1238
Assortativity: -0.6353717
Transitivity: 0.00158
Degree: 0.0018924
Coreness: 1.0
Number_Triangles: 0.0
Number_Cliques: 1285
Clique_number: 5
Clustering: 0.0869476
Edge_connectivity: 1
