Size: 345
Order: 344
Assortativity: -0.9831209
Transitivity: 0.0001
Degree: 0.0058479
Coreness: 1.0
Number_Triangles: 0.0
Number_Cliques: 342
Clique_number: 3
Clustering: 0.006783
Edge_connectivity: 1
Betweeness: 0.0029237
Centrality: 0.5009823
Communicability: 314600.205114
Density: 0.0058479
Diameter: 3.0
Eccentricity: 2.0
Pagerank: 0
Radius: 2.0
Square_clustering: 0.0058311
