Size: 587
Order: 536
Assortativity: -0.6987576
Transitivity: 0.00079
Degree: 0.004094
Coreness: 1.0
Number_Triangles: 0.0
Number_Cliques: 566
Clique_number: 3
Clustering: 0.0249134
Edge_connectivity: 1
Betweeness: 0.0032604
Centrality: 0.3714545
Communicability: 102370.825922
Density: 0.004094
Diameter: 6.0
Eccentricity: 4.0
Pagerank: 0
Radius: 3.0
Square_clustering: 0.0024591
