Size: 304
Order: 302
Assortativity: -0.9624185
Transitivity: 0.0002
Degree: 0.0066885
Coreness: 1.0
Number_Triangles: 0.0
Number_Cliques: 300
Clique_number: 3
Clustering: 0.007616
Edge_connectivity: 1
Betweeness: 0.0033978
Centrality: 0.4973091
Communicability: 104840.171098
Density: 0.0066885
Diameter: 4.0
Eccentricity: 3.0
Pagerank: 0
Radius: 2.0
Square_clustering: 0.0066466
