Size: 2549
Order: 2096
Assortativity: -0.5148453
Transitivity: 0.00125
Degree: 0.001161
Coreness: 1.0
Number_Triangles: 0.0
Number_Cliques: 2269
Clique_number: 5
Clustering: 0.0854618
Edge_connectivity: 1
