Size: 3516
Order: 2079
Assortativity: -0.6619858
Transitivity: 0.0149
Degree: 0.0016277
Coreness: 1.0
Number_Triangles: 4.0
Number_Cliques: 2367
Clique_number: 7
Clustering: 0.2412073
Edge_connectivity: 1
