Size: 1187
Order: 1047
Assortativity: -0.7923959
Transitivity: 0.00124
Degree: 0.0021677
Coreness: 1.0
Number_Triangles: 0.0
Number_Cliques: 1097
Clique_number: 4
Clustering: 0.0665157
Edge_connectivity: 1
