Size: 2708
Order: 2567
Assortativity: -0.7013964
Transitivity: 0.00028
Degree: 0.0008222
Coreness: 1.0
Number_Triangles: 0.0
Number_Cliques: 2565
Clique_number: 4
Clustering: 0.0482411
Edge_connectivity: 1
