Size: 1330
Order: 1147
Assortativity: -0.7497703
Transitivity: 0.00341
Degree: 0.0020236
Coreness: 1.0
Number_Triangles: 0.0
Number_Cliques: 1169
Clique_number: 5
Clustering: 0.0985782
Edge_connectivity: 1
Betweeness: 0.0016166
Centrality: 0.3530012
Communicability: 6081861.9864
Density: 0.0020236
Diameter: 5.0
Eccentricity: 4.0
Pagerank: 0
Radius: 3.0
Square_clustering: 0.0002871
