Size: 1541
Order: 1175
Assortativity: -0.7656051
Transitivity: 0.00368
Degree: 0.0022342
Coreness: 1.0
Number_Triangles: 1.0
Number_Cliques: 1238
Clique_number: 4
Clustering: 0.2010966
Edge_connectivity: 1
Betweeness: 0.0013288
Centrality: 0.3943528
Communicability: 1596543066.55
Density: 0.0022342
Diameter: 5.0
Eccentricity: 4.0
Pagerank: 0
Radius: 3.0
Square_clustering: 0.0006688
