Size: 110
Order: 108
Assortativity: -0.7608775
Transitivity: 0.0
Degree: 0.0190377
Coreness: 1.0
Number_Triangles: 0.0
Number_Cliques: 110
Clique_number: 2
Clustering: 0.0
Edge_connectivity: 1
Betweeness: 0.0202704
Centrality: 0.3227656
Communicability: 22.0992548
Density: 0.0190377
Diameter: 6.0
Eccentricity: 5.0
Pagerank: 0
Radius: 3.0
Square_clustering: 0.005552
