Size: 1226
Order: 1065
Assortativity: -0.8311865
Transitivity: 0.00233
Degree: 0.0021639
Coreness: 1.0
Number_Triangles: 0.0
Number_Cliques: 1075
Clique_number: 4
Clustering: 0.1129328
Edge_connectivity: 1
