Size: 1417
Order: 1031
Assortativity: -0.6093156
Transitivity: 0.00447
Degree: 0.0026687
Coreness: 1.0
Number_Triangles: 1.0
Number_Cliques: 1130
Clique_number: 5
Clustering: 0.2191826
Edge_connectivity: 1
