Size: 634
Order: 630
Assortativity: -0.8688001
Transitivity: 7e-05
Degree: 0.0031998
Coreness: 1.0
Number_Triangles: 0.0
Number_Cliques: 628
Clique_number: 3
Clustering: 0.0069597
Edge_connectivity: 1
Betweeness: 0.0018371
Centrality: 0.469971
Communicability: 50010684.266
Density: 0.0031998
Diameter: 4.0
Eccentricity: 3.0
Pagerank: 0
Radius: 2.0
Square_clustering: 0.0024421
