Size: 1617
Order: 1075
Assortativity: -0.7728601
Transitivity: 0.00476
Degree: 0.0028011
Coreness: 1.0
Number_Triangles: 1.0
Number_Cliques: 1242
Clique_number: 5
Clustering: 0.2801985
Edge_connectivity: 1
Betweeness: 0.0013574
Centrality: 0.4124165
Communicability: 30743039418.6
Density: 0.0028011
Diameter: 4.0
Eccentricity: 3.0
Pagerank: 0
Radius: 2.0
Square_clustering: 0.0016059
