Size: 1225
Order: 1060
Assortativity: -0.5844357
Transitivity: 0.00158
Degree: 0.0021826
Coreness: 1.0
Number_Triangles: 0.0
Number_Cliques: 1103
Clique_number: 4
Clustering: 0.0920203
Edge_connectivity: 1
Betweeness: 0.0016366
Centrality: 0.3755709
Communicability: 347383960.011
Density: 0.0021826
Diameter: 8.0
Eccentricity: 5.0
Pagerank: 0
Radius: 4.0
Square_clustering: 0.0016438
