Size: 585
Order: 569
Assortativity: -0.7122563
Transitivity: 0.0005
Degree: 0.0036201
Coreness: 1.0
Number_Triangles: 0.0
Number_Cliques: 567
Clique_number: 3
Clustering: 0.0275422
Edge_connectivity: 1
Betweeness: 0.0024555
Centrality: 0.4246922
Communicability: 2270118.21266
Density: 0.0036201
Diameter: 4.0
Eccentricity: 3.0
Pagerank: 0
Radius: 2.0
Square_clustering: 0.0035571
