Size: 2324
Order: 2189
Assortativity: -0.7082295
Transitivity: 0.00012
Degree: 0.0009704
Coreness: 1.0
Number_Triangles: 0.0
Number_Cliques: 2269
Clique_number: 3
Clustering: 0.0207567
Edge_connectivity: 1
