Size: 328
Order: 302
Assortativity: -0.5546938
Transitivity: 0.00112
Degree: 0.0072166
Coreness: 1.0
Number_Triangles: 0.0
Number_Cliques: 322
Clique_number: 3
Clustering: 0.0059637
Edge_connectivity: 1
Betweeness: 0.0081068
Centrality: 0.2993827
Communicability: 157.4960189
Density: 0.0072166
Diameter: 9.0
Eccentricity: 6.0
Pagerank: 0
Radius: 5.0
Square_clustering: 0.0024225
