Size: 2310
Order: 2041
Assortativity: -0.7143868
Transitivity: 0.00049
Degree: 0.0011096
Coreness: 1.0
Number_Triangles: 0.0
Number_Cliques: 2067
Clique_number: 4
Clustering: 0.1157124
Edge_connectivity: 1
