Size: 384
Order: 344
Assortativity: -0.745338
Transitivity: 0.00271
Degree: 0.0065089
Coreness: 1.0
Number_Triangles: 0.0
Number_Cliques: 345
Clique_number: 3
Clustering: 0.103493
Edge_connectivity: 1
Betweeness: 0.0037338
Centrality: 0.446064
Communicability: 90909.5882709
Density: 0.0065089
Diameter: 6.0
Eccentricity: 5.0
Pagerank: 0
Radius: 3.0
Square_clustering: 0.0099806
