Size: 2823
Order: 2317
Assortativity: -0.687926
Transitivity: 0.00244
Degree: 0.0010521
Coreness: 1.0
Number_Triangles: 0.0
Number_Cliques: 2623
Clique_number: 4
Clustering: 0.0548336
Edge_connectivity: 1
Betweeness: 0.0009562
Centrality: 0.3137669
Communicability: 426936557.875
Density: 0.0010521
Diameter: 8.0
Eccentricity: 6.0
Pagerank: 0
Radius: 4.0
Square_clustering: 0.0003671
