Size: 134
Order: 128
Assortativity: -0.8076852
Transitivity: 0.00695
Degree: 0.0164862
Coreness: 1.0
Number_Triangles: 0.0
Number_Cliques: 125
Clique_number: 3
Clustering: 0.049627
Edge_connectivity: 1
Betweeness: 0.0149561
Centrality: 0.3509621
Communicability: 31.2447602
Density: 0.0164862
Diameter: 5.0
Eccentricity: 4.0
Pagerank: 0
Radius: 3.0
Square_clustering: 0.008372
