Size: 412
Order: 383
Assortativity: -0.514826
Transitivity: 0.00057
Degree: 0.005632
Coreness: 1.0
Number_Triangles: 0.0
Number_Cliques: 401
Clique_number: 3
Clustering: 0.0157507
Edge_connectivity: 1
Betweeness: 0.0054769
Centrality: 0.3337703
Communicability: 15080.8302917
Density: 0.005632
Diameter: 5.0
Eccentricity: 4.0
Pagerank: 0
Radius: 3.0
Square_clustering: 0.0058901
