Size: 2763
Order: 2322
Assortativity: -0.7130007
Transitivity: 0.00121
Degree: 0.0010254
Coreness: 1.0
Number_Triangles: 0.0
Number_Cliques: 2355
Clique_number: 5
Clustering: 0.1355019
Edge_connectivity: 1
