Size: 3006
Order: 2540
Assortativity: -0.5660655
Transitivity: 0.00152
Degree: 0.0009322
Coreness: 1.0
Number_Triangles: 0.0
Number_Cliques: 2648
Clique_number: 5
Clustering: 0.0917383
Edge_connectivity: 1
