Size: 1129
Order: 1117
Assortativity: -0.8074693
Transitivity: 8e-05
Degree: 0.0018114
Coreness: 1.0
Number_Triangles: 0.0
Number_Cliques: 1116
Clique_number: 3
Clustering: 0.0092517
Edge_connectivity: 1
Betweeness: 0.001124
Centrality: 0.4484784
Communicability: 20829532135.6
Density: 0.0018114
Diameter: 3.0
Eccentricity: 2.0
Pagerank: 0
Radius: 2.0
Square_clustering: 0.0020256
