Size: 602
Order: 565
Assortativity: -0.7926726
Transitivity: 0.00132
Degree: 0.0037783
Coreness: 1.0
Number_Triangles: 0.0
Number_Cliques: 581
Clique_number: 3
Clustering: 0.028921
Edge_connectivity: 1
Betweeness: 0.0038306
Centrality: 0.3215627
Communicability: 9930.7100791
Density: 0.0037783
Diameter: 6.0
Eccentricity: 4.0
Pagerank: 0
Radius: 3.0
Square_clustering: 0.0021768
