Size: 140
Order: 109
Assortativity: -0.9177012
Transitivity: 0.0
Degree: 0.0237853
Coreness: 1.0
Number_Triangles: 0.0
Number_Cliques: 140
Clique_number: 2
Clustering: 0.0
Edge_connectivity: 1
Betweeness: 0.0175643
Centrality: 0.3530414
Communicability: 46.9202276
Density: 0.0237853
Diameter: 5.0
Eccentricity: 4.0
Pagerank: 0
Radius: 3.0
Square_clustering: 0.0434926
