Size: 1345
Order: 1213
Assortativity: -0.6633211
Transitivity: 0.00069
Degree: 0.0018297
Coreness: 1.0
Number_Triangles: 0.0
Number_Cliques: 1292
Clique_number: 3
Clustering: 0.017892
Edge_connectivity: 1
Betweeness: 0.0018382
Centrality: 0.3127564
Communicability: 8058487.7086
Density: 0.0018297
Diameter: 6.0
Eccentricity: 5.0
Pagerank: 0
Radius: 4.0
Square_clustering: 0.0023308
