Size: 681
Order: 591
Assortativity: -0.786844
Transitivity: 0.00061
Degree: 0.003906
Coreness: 1.0
Number_Triangles: 0.0
Number_Cliques: 663
Clique_number: 3
Clustering: 0.0152103
Edge_connectivity: 1
Betweeness: 0.0029599
Centrality: 0.3720591
Communicability: 1324985.82929
Density: 0.003906
Diameter: 5.0
Eccentricity: 4.0
Pagerank: 0
Radius: 3.0
Square_clustering: 0.0028834
