Size: 1027
Order: 1008
Assortativity: -0.8674537
Transitivity: 0.00014
Degree: 0.0020235
Coreness: 1.0
Number_Triangles: 0.0
Number_Cliques: 1006
Clique_number: 3
Clustering: 0.0188543
Edge_connectivity: 1
Betweeness: 0.0011147
Centrality: 0.4751914
Communicability: 20823053403.7
Density: 0.0020235
Diameter: 4.0
Eccentricity: 3.0
Pagerank: 0
Radius: 2.0
Square_clustering: 0.0024399
