Size: 2860
Order: 2114
Assortativity: -0.5744451
Transitivity: 0.00314
Degree: 0.0012805
Coreness: 1.0
Number_Triangles: 1.0
Number_Cliques: 2211
Clique_number: 6
Clustering: 0.1941619
Edge_connectivity: 1
Betweeness: 0.0007621
Centrality: 0.3876318
Communicability: 5.27034495339e+12
Density: 0.0012805
Diameter: 5.0
Eccentricity: 4.0
Pagerank: 0
Radius: 3.0
Square_clustering: 0.0002878
