Size: 3104
Order: 2097
Assortativity: -0.5473506
Transitivity: 0.0071
Degree: 0.0014124
Coreness: 1.0
Number_Triangles: 1.0
Number_Cliques: 2422
Clique_number: 6
Clustering: 0.1895839
Edge_connectivity: 1
Betweeness: 0.0010374
Centrality: 0.3202108
Communicability: 10099248879.0
Density: 0.0014124
Diameter: 7.0
Eccentricity: 5.0
Pagerank: 0
Radius: 4.0
Square_clustering: 0.0027125
