Size: 1751
Order: 1288
Assortativity: -0.7513855
Transitivity: 0.00716
Degree: 0.0021126
Coreness: 1.0
Number_Triangles: 1.0
Number_Cliques: 1470
Clique_number: 6
Clustering: 0.1348347
Edge_connectivity: 1
Betweeness: 0.0014168
Centrality: 0.3571344
Communicability: 88433022.1432
Density: 0.0021126
Diameter: 4.0
Eccentricity: 3.0
Pagerank: 0
Radius: 3.0
Square_clustering: 0.0004385
