Size: 2367
Order: 2367
Assortativity: -0.9991568
Transitivity: 0.0
Degree: 0.0008453
Coreness: 1.0
Number_Triangles: 0.0
Number_Cliques: 2365
Clique_number: 3
Clustering: 0.000845
Edge_connectivity: 1
Betweeness: 0.0004225
Centrality: 0.500317
Communicability: 5.63305744411e+17
Density: 0.0008453
Diameter: 2.0
Eccentricity: 1.0
Pagerank: 0
Radius: 1.0
Square_clustering: 0.0
