Size: 1638
Order: 1066
Assortativity: -0.6209491
Transitivity: 0.00931
Degree: 0.0028856
Coreness: 1.0
Number_Triangles: 2.0
Number_Cliques: 1274
Clique_number: 5
Clustering: 0.1824031
Edge_connectivity: 1
