Size: 1221
Order: 1143
Assortativity: -0.8241987
Transitivity: 0.0008
Degree: 0.0018708
Coreness: 1.0
Number_Triangles: 0.0
Number_Cliques: 1167
Clique_number: 4
Clustering: 0.0350562
Edge_connectivity: 1
Betweeness: 0.0016082
Centrality: 0.3555329
Communicability: 17401640.3138
Density: 0.0018708
Diameter: 5.0
Eccentricity: 3.0
Pagerank: 0
Radius: 3.0
Square_clustering: 0.0028871
