Size: 1181
Order: 1004
Assortativity: -0.6529892
Transitivity: 0.00238
Degree: 0.0023456
Coreness: 1.0
Number_Triangles: 0.0
Number_Cliques: 1059
Clique_number: 4
Clustering: 0.0771243
Edge_connectivity: 1
