Size: 2031
Order: 2026
Assortativity: -0.9681087
Transitivity: 1e-05
Degree: 0.0009901
Coreness: 1.0
Number_Triangles: 0.0
Number_Cliques: 2024
Clique_number: 3
Clustering: 0.0028014
Edge_connectivity: 1
Betweeness: 0.000507
Centrality: 0.4947121
Communicability: 1.26620820812e+16
Density: 0.0009901
Diameter: 3.0
Eccentricity: 2.0
Pagerank: 0
Radius: 2.0
Square_clustering: 0.0011029
