Size: 482
Order: 478
Assortativity: -0.9799713
Transitivity: 0.00013
Degree: 0.004228
Coreness: 1.0
Number_Triangles: 0.0
Number_Cliques: 476
Clique_number: 3
Clustering: 0.0111577
Edge_connectivity: 1
Betweeness: 0.002092
Centrality: 0.5015806
Communicability: 6470451.88391
Density: 0.004228
Diameter: 2.0
Eccentricity: 1.0
Pagerank: 0
Radius: 1.0
Square_clustering: 0.0146444
