Size: 127
Order: 117
Assortativity: -0.8420405
Transitivity: 0.00111
Degree: 0.018715
Coreness: 1.0
Number_Triangles: 0.0
Number_Cliques: 125
Clique_number: 3
Clustering: 0.0171225
Edge_connectivity: 1
Betweeness: 0.0184164
Centrality: 0.3243876
Communicability: 23.7719614
Density: 0.018715
Diameter: 5.0
Eccentricity: 4.0
Pagerank: 0
Radius: 3.0
Square_clustering: 0.007614
