Size: 1080
Order: 1010
Assortativity: -0.6181392
Transitivity: 0.00062
Degree: 0.0021195
Coreness: 1.0
Number_Triangles: 0.0
Number_Cliques: 1030
Clique_number: 3
Clustering: 0.0421895
Edge_connectivity: 1
Betweeness: 0.0018032
Centrality: 0.3628288
Communicability: 81781376.1523
Density: 0.0021195
Diameter: 5.0
Eccentricity: 4.0
Pagerank: 0
Radius: 3.0
Square_clustering: 0.0172648
