Size: 529
Order: 500
Assortativity: -0.7778602
Transitivity: 0.00028
Degree: 0.0042405
Coreness: 1.0
Number_Triangles: 0.0
Number_Cliques: 521
Clique_number: 3
Clustering: 0.0083778
Edge_connectivity: 1
Betweeness: 0.0042316
Centrality: 0.3255521
Communicability: 21286.1253982
Density: 0.0042405
Diameter: 6.0
Eccentricity: 5.0
Pagerank: 0
Radius: 4.0
Square_clustering: 0.0039563
