Size: 120
Order: 119
Assortativity: -0.6687259
Transitivity: 0.0
Degree: 0.0170916
Coreness: 1.0
Number_Triangles: 0.0
Number_Cliques: 120
Clique_number: 2
Clustering: 0.0
Edge_connectivity: 1
Betweeness: 0.0161688
Centrality: 0.3576932
Communicability: 87.2784417
Density: 0.0170916
Diameter: 5.0
Eccentricity: 4.0
Pagerank: 0
Radius: 3.0
Square_clustering: 0.0018388
