Size: 1518
Order: 1023
Assortativity: -0.7510649
Transitivity: 0.00779
Degree: 0.0029039
Coreness: 1.0
Number_Triangles: 1.0
Number_Cliques: 1092
Clique_number: 5
Clustering: 0.2844921
Edge_connectivity: 1
Betweeness: 0.0015845
Centrality: 0.3866038
Communicability: 1173636550.88
Density: 0.0029039
Diameter: 5.0
Eccentricity: 4.0
Pagerank: 0
Radius: 3.0
Square_clustering: 0.0038788
