Size: 1701
Order: 1112
Assortativity: -0.782661
Transitivity: 0.00508
Degree: 0.0027537
Coreness: 1.0
Number_Triangles: 1.0
Number_Cliques: 1244
Clique_number: 5
Clustering: 0.2968246
Edge_connectivity: 1
