Size: 1156
Order: 1004
Assortativity: -0.7881059
Transitivity: 0.00137
Degree: 0.0022959
Coreness: 1.0
Number_Triangles: 0.0
Number_Cliques: 1066
Clique_number: 4
Clustering: 0.0646038
Edge_connectivity: 1
