Size: 1289
Order: 1132
Assortativity: -0.6080832
Transitivity: 0.00103
Degree: 0.0020136
Coreness: 1.0
Number_Triangles: 0.0
Number_Cliques: 1198
Clique_number: 3
Clustering: 0.0643354
Edge_connectivity: 1
Betweeness: 0.0015118
Centrality: 0.3776918
Communicability: 960908080.024
Density: 0.0020136
Diameter: 5.0
Eccentricity: 4.0
Pagerank: 0
Radius: 3.0
Square_clustering: 0.0008452
