Size: 130
Order: 118
Assortativity: -0.5769696
Transitivity: 0.00617
Degree: 0.0188324
Coreness: 1.0
Number_Triangles: 0.0
Number_Cliques: 122
Clique_number: 3
Clustering: 0.0443463
Edge_connectivity: 1
Betweeness: 0.0173226
Centrality: 0.3397347
Communicability: 27.6866488
Density: 0.0188324
Diameter: 6.0
Eccentricity: 4.0
Pagerank: 0.0084746
Radius: 3.0
Square_clustering: 0.0013401
