Size: 2829
Order: 2401
Assortativity: -0.710071
Transitivity: 0.00058
Degree: 0.0009819
Coreness: 1.0
Number_Triangles: 0.0
Number_Cliques: 2501
Clique_number: 4
Clustering: 0.1191033
Edge_connectivity: 1
