Size: 368
Order: 356
Assortativity: -0.805742
Transitivity: 0.0008
Degree: 0.0058237
Coreness: 1.0
Number_Triangles: 0.0
Number_Cliques: 354
Clique_number: 3
Clustering: 0.0365376
Edge_connectivity: 1
Betweeness: 0.0034529
Centrality: 0.4552124
Communicability: 123601.357088
Density: 0.0058237
Diameter: 4.0
Eccentricity: 3.0
Pagerank: 0
Radius: 2.0
Square_clustering: 0.0033927
