Size: 2755
Order: 2593
Assortativity: -0.7402908
Transitivity: 0.00025
Degree: 0.0008198
Coreness: 1.0
Number_Triangles: 0.0
Number_Cliques: 2612
Clique_number: 4
Clustering: 0.0481615
Edge_connectivity: 1
