Size: 1200
Order: 1042
Assortativity: -0.8051268
Transitivity: 0.00088
Degree: 0.0022125
Coreness: 1.0
Number_Triangles: 0.0
Number_Cliques: 1160
Clique_number: 4
Clustering: 0.0251207
Edge_connectivity: 1
Betweeness: 0.0017584
Centrality: 0.3574086
Communicability: 71803285.7328
Density: 0.0022125
Diameter: 5.0
Eccentricity: 3.0
Pagerank: 0
Radius: 3.0
Square_clustering: 0.000839
