Size: 2780
Order: 2384
Assortativity: -0.6178805
Transitivity: 0.00085
Degree: 0.0009787
Coreness: 1.0
Number_Triangles: 0.0
Number_Cliques: 2463
Clique_number: 4
Clustering: 0.1066379
Edge_connectivity: 1
