Size: 2284
Order: 2138
Assortativity: -0.7514934
Transitivity: 0.00027
Degree: 0.0009998
Coreness: 1.0
Number_Triangles: 0.0
Number_Cliques: 2204
Clique_number: 3
Clustering: 0.0329762
Edge_connectivity: 1
