Size: 1281
Order: 1124
Assortativity: -0.4995514
Transitivity: 0.00153
Degree: 0.0020297
Coreness: 1.0
Number_Triangles: 0.0
Number_Cliques: 1199
Clique_number: 4
Clustering: 0.0492833
Edge_connectivity: 1
