Size: 2199
Order: 2101
Assortativity: -0.8762021
Transitivity: 0.00026
Degree: 0.0009968
Coreness: 1.0
Number_Triangles: 0.0
Number_Cliques: 2102
Clique_number: 4
Clustering: 0.0429961
Edge_connectivity: 1
