Size: 608
Order: 555
Assortativity: -0.6426442
Transitivity: 0.00104
Degree: 0.0039549
Coreness: 1.0
Number_Triangles: 0.0
Number_Cliques: 574
Clique_number: 3
Clustering: 0.0466816
Edge_connectivity: 1
Betweeness: 0.0027459
Centrality: 0.4068302
Communicability: 1637557.43487
Density: 0.0039549
Diameter: 5.0
Eccentricity: 4.0
Pagerank: 0
Radius: 3.0
Square_clustering: 0.001701
