Size: 505
Order: 502
Assortativity: -0.984591
Transitivity: 0.0001
Degree: 0.0040159
Coreness: 1.0
Number_Triangles: 0.0
Number_Cliques: 500
Clique_number: 3
Clustering: 0.008765
Edge_connectivity: 1
Betweeness: 0.001992
Centrality: 0.5015025
Communicability: 10568312.5893
Density: 0.0040159
Diameter: 2.0
Eccentricity: 1.0
Pagerank: 0
Radius: 1.0
Square_clustering: 0.0119522
