Size: 605
Order: 533
Assortativity: -0.6295116
Transitivity: 0.0
Degree: 0.0042672
Coreness: 1.0
Number_Triangles: 0.0
Number_Cliques: 605
Clique_number: 2
Clustering: 0.0
Edge_connectivity: 1
Betweeness: 0.0049993
Centrality: 0.2766323
Communicability: 1087.675636
Density: 0.0042672
Diameter: 8.0
Eccentricity: 6.0
Pagerank: 0
Radius: 5.0
Square_clustering: 0.007836
