Size: 672
Order: 571
Assortativity: -0.9284209
Transitivity: 0.00322
Degree: 0.0041294
Coreness: 1.0
Number_Triangles: 0.0
Number_Cliques: 611
Clique_number: 3
Clustering: 0.0834343
Edge_connectivity: 1
Betweeness: 0.0030075
Centrality: 0.3726854
Communicability: 108093.258323
Density: 0.0041294
Diameter: 5.0
Eccentricity: 4.0
Pagerank: 0
Radius: 3.0
Square_clustering: 0.0011039
