Size: 117
Order: 115
Assortativity: -0.6059026
Transitivity: 0.00115
Degree: 0.017849
Coreness: 1.0
Number_Triangles: 0.0
Number_Cliques: 115
Clique_number: 3
Clustering: 0.0174228
Edge_connectivity: 1
Betweeness: 0.0193705
Centrality: 0.3209368
Communicability: 34.0702559
Density: 0.017849
Diameter: 6.0
Eccentricity: 5.0
Pagerank: 0
Radius: 4.0
Square_clustering: 0.0105984
