Size: 1250
Order: 1250
Assortativity: -0.9984064
Transitivity: 0.0
Degree: 0.0016013
Coreness: 1.0
Number_Triangles: 0.0
Number_Cliques: 1248
Clique_number: 3
Clustering: 0.0016
Edge_connectivity: 1
Betweeness: 0.0008
Centrality: 0.5006004
Communicability: 1.78621360211e+12
Density: 0.0016013
Diameter: 2.0
Eccentricity: 1.0
Pagerank: 0
Radius: 1.0
Square_clustering: 0.0
