Size: 384
Order: 348
Assortativity: -0.6085595
Transitivity: 0.0018
Degree: 0.0063599
Coreness: 1.0
Number_Triangles: 0.0
Number_Cliques: 364
Clique_number: 3
Clustering: 0.0337077
Edge_connectivity: 1
Betweeness: 0.0051225
Centrality: 0.3702751
Communicability: 15871.4540346
Density: 0.0063599
Diameter: 6.0
Eccentricity: 4.0
Pagerank: 0
Radius: 3.0
Square_clustering: 0.0045824
