Size: 776
Order: 500
Assortativity: -0.7288795
Transitivity: 0.00059
Degree: 0.0062204
Coreness: 1.0
Number_Triangles: 0.0
Number_Cliques: 758
Clique_number: 3
Clustering: 0.0216965
Edge_connectivity: 1
Betweeness: 0.0035455
Centrality: 0.3718565
Communicability: 4569262.51024
Density: 0.0062204
Diameter: 5.0
Eccentricity: 4.0
Pagerank: 0
Radius: 3.0
Square_clustering: 0.0094525
