Size: 107
Order: 100
Assortativity: -0.5766181
Transitivity: 0.00432
Degree: 0.0216162
Coreness: 1.0
Number_Triangles: 0.0
Number_Cliques: 103
Clique_number: 3
Clustering: 0.0224848
Edge_connectivity: 1
Betweeness: 0.0244568
Centrality: 0.3008528
Communicability: 11.0212026
Density: 0.0216162
Diameter: 6.0
Eccentricity: 5.0
Pagerank: 0.01
Radius: 3.0
Square_clustering: 0.005026
