Size: 127
Order: 113
Assortativity: -0.8585058
Transitivity: 0.00431
Degree: 0.0200695
Coreness: 1.0
Number_Triangles: 0.0
Number_Cliques: 120
Clique_number: 3
Clustering: 0.0324768
Edge_connectivity: 1
Betweeness: 0.0183312
Centrality: 0.3344611
Communicability: 29.8852918
Density: 0.0200695
Diameter: 4.0
Eccentricity: 3.0
Pagerank: 0
Radius: 2.0
Square_clustering: 0.0187717
