Size: 350
Order: 327
Assortativity: -0.7732945
Transitivity: 0.00182
Degree: 0.0065665
Coreness: 1.0
Number_Triangles: 0.0
Number_Cliques: 324
Clique_number: 4
Clustering: 0.0655666
Edge_connectivity: 1
Betweeness: 0.0037552
Centrality: 0.4557476
Communicability: 68970.9137952
Density: 0.0065665
Diameter: 4.0
Eccentricity: 3.0
Pagerank: 0
Radius: 2.0
Square_clustering: 0.0099349
