Size: 400
Order: 378
Assortativity: -0.72731
Transitivity: 0.00039
Degree: 0.0056138
Coreness: 1.0
Number_Triangles: 0.0
Number_Cliques: 394
Clique_number: 3
Clustering: 0.0073576
Edge_connectivity: 1
Betweeness: 0.0079432
Centrality: 0.2547874
Communicability: 1190.2308221
Density: 0.0056138
Diameter: 8.0
Eccentricity: 6.0
Pagerank: 0
Radius: 4.0
Square_clustering: 0.0055138
