Size: 2629
Order: 2449
Assortativity: -0.6945677
Transitivity: 0.00032
Degree: 0.000877
Coreness: 1.0
Number_Triangles: 0.0
Number_Cliques: 2464
Clique_number: 4
Clustering: 0.0619445
Edge_connectivity: 1
