Size: 1336
Order: 1037
Assortativity: -0.5901073
Transitivity: 0.00286
Degree: 0.0024871
Coreness: 1.0
Number_Triangles: 0.0
Number_Cliques: 1210
Clique_number: 4
Clustering: 0.0707612
Edge_connectivity: 1
Betweeness: 0.0019304
Centrality: 0.3394932
Communicability: 25192024.4199
Density: 0.0024871
Diameter: 6.0
Eccentricity: 4.0
Pagerank: 0
Radius: 3.0
Square_clustering: 0.0013934
