Size: 334
Order: 330
Assortativity: -0.7433239
Transitivity: 0.00024
Degree: 0.0061527
Coreness: 1.0
Number_Triangles: 0.0
Number_Cliques: 328
Clique_number: 3
Clustering: 0.0121508
Edge_connectivity: 1
Betweeness: 0.0043296
Centrality: 0.4236386
Communicability: 47186.5618275
Density: 0.0061527
Diameter: 5.0
Eccentricity: 4.0
Pagerank: 0
Radius: 3.0
Square_clustering: 0.0061076
