Size: 399
Order: 355
Assortativity: -0.606341
Transitivity: 0.00014
Degree: 0.00635
Coreness: 1.0
Number_Triangles: 0.0
Number_Cliques: 397
Clique_number: 3
Clustering: 0.0028226
Edge_connectivity: 1
Betweeness: 0.0064338
Centrality: 0.3100725
Communicability: 1764.907842
Density: 0.00635
Diameter: 5.0
Eccentricity: 4.0
Pagerank: 0
Radius: 3.0
Square_clustering: 0.0032358
