Size: 2494
Order: 2242
Assortativity: -0.6381062
Transitivity: 0.00035
Degree: 0.0009928
Coreness: 1.0
Number_Triangles: 0.0
Number_Cliques: 2378
Clique_number: 4
Clustering: 0.0327492
Edge_connectivity: 1
