Size: 107
Order: 103
Assortativity: -0.791795
Transitivity: 0.00573
Degree: 0.0203693
Coreness: 1.0
Number_Triangles: 0.0
Number_Cliques: 100
Clique_number: 3
Clustering: 0.0486195
Edge_connectivity: 1
Betweeness: 0.0160399
Centrality: 0.3903071
Communicability: 36.7589085
Density: 0.0203693
Diameter: 5.0
Eccentricity: 4.0
Pagerank: 0
Radius: 3.0
Square_clustering: 0.0008359
