Size: 1283
Order: 1193
Assortativity: -0.9399438
Transitivity: 3e-05
Degree: 0.0018044
Coreness: 1.0
Number_Triangles: 0.0
Number_Cliques: 1276
Clique_number: 3
Clustering: 0.0047499
Edge_connectivity: 1
Betweeness: 0.0015255
Centrality: 0.3597232
Communicability: 1201990753.68
Density: 0.0018044
Diameter: 4.0
Eccentricity: 3.0
Pagerank: 0
Radius: 2.0
Square_clustering: 0.0016073
