Size: 1415
Order: 1064
Assortativity: -0.7317292
Transitivity: 0.00135
Degree: 0.0025021
Coreness: 1.0
Number_Triangles: 0.0
Number_Cliques: 1370
Clique_number: 3
Clustering: 0.0169204
Edge_connectivity: 1
