Size: 1127
Order: 1004
Assortativity: -0.7776217
Transitivity: 0.00161
Degree: 0.0022383
Coreness: 1.0
Number_Triangles: 0.0
Number_Cliques: 1021
Clique_number: 4
Clustering: 0.081015
Edge_connectivity: 1
Betweeness: 0.0016285
Centrality: 0.3838587
Communicability: 20147154.5439
Density: 0.0022383
Diameter: 4.0
Eccentricity: 3.0
Pagerank: 0
Radius: 3.0
Square_clustering: 0.0008535
