Size: 2307
Order: 2229
Assortativity: -0.7650117
Transitivity: 0.00013
Degree: 0.0009291
Coreness: 1.0
Number_Triangles: 0.0
Number_Cliques: 2242
Clique_number: 3
Clustering: 0.0269201
Edge_connectivity: 1
