Size: 2434
Order: 2316
Assortativity: -0.8191293
Transitivity: 0.00022
Degree: 0.0009079
Coreness: 1.0
Number_Triangles: 0.0
Number_Cliques: 2314
Clique_number: 4
Clustering: 0.0474863
Edge_connectivity: 1
