Size: 1211
Order: 1016
Assortativity: -0.6670128
Transitivity: 0.00309
Degree: 0.0023486
Coreness: 1.0
Number_Triangles: 0.0
Number_Cliques: 1109
Clique_number: 4
Clustering: 0.0717822
Edge_connectivity: 1
