Size: 4334
Order: 2529
Assortativity: -0.5692345
Transitivity: 0.00914
Degree: 0.0013558
Coreness: 1.0
Number_Triangles: 4.0
Number_Cliques: 2928
Clique_number: 8
Clustering: 0.2409437
Edge_connectivity: 1
