Size: 2565
Order: 2205
Assortativity: -0.6021241
Transitivity: 0.00094
Degree: 0.0010556
Coreness: 1.0
Number_Triangles: 0.0
Number_Cliques: 2333
Clique_number: 4
Clustering: 0.0812919
Edge_connectivity: 1
