Size: 2732
Order: 2361
Assortativity: -0.8207831
Transitivity: 0.00155
Degree: 0.0009806
Coreness: 1.0
Number_Triangles: 0.0
Number_Cliques: 2518
Clique_number: 4
Clustering: 0.0600645
Edge_connectivity: 1
