Size: 1277
Order: 1103
Assortativity: -0.9034129
Transitivity: 0.00214
Degree: 0.0021012
Coreness: 1.0
Number_Triangles: 0.0
Number_Cliques: 1137
Clique_number: 4
Clustering: 0.1059984
Edge_connectivity: 1
Betweeness: 0.0016342
Centrality: 0.3605581
Communicability: 17839582.4444
Density: 0.0021012
Diameter: 5.0
Eccentricity: 4.0
Pagerank: 0
Radius: 3.0
Square_clustering: 0.00143
