Size: 360
Order: 348
Assortativity: -0.7917327
Transitivity: 0.00077
Degree: 0.0059624
Coreness: 1.0
Number_Triangles: 0.0
Number_Cliques: 348
Clique_number: 3
Clustering: 0.0316214
Edge_connectivity: 1
Betweeness: 0.0036931
Centrality: 0.4437563
Communicability: 64889.1522851
Density: 0.0059624
Diameter: 3.0
Eccentricity: 2.0
Pagerank: 0
Radius: 2.0
Square_clustering: 0.0156075
