Size: 1353
Order: 1147
Assortativity: -0.5715277
Transitivity: 0.00124
Degree: 0.0020586
Coreness: 1.0
Number_Triangles: 0.0
Number_Cliques: 1251
Clique_number: 4
Clustering: 0.0575213
Edge_connectivity: 1
