Size: 122
Order: 114
Assortativity: -0.9044616
Transitivity: 0.0
Degree: 0.0189412
Coreness: 1.0
Number_Triangles: 0.0
Number_Cliques: 122
Clique_number: 2
Clustering: 0.0
Edge_connectivity: 1
Betweeness: 0.0157224
Centrality: 0.3692706
Communicability: 65.2658213
Density: 0.0189412
Diameter: 5.0
Eccentricity: 4.0
Pagerank: 0
Radius: 3.0
Square_clustering: 0.0162811
