Size: 328
Order: 311
Assortativity: -0.8476739
Transitivity: 7e-05
Degree: 0.0068043
Coreness: 1.0
Number_Triangles: 0.0
Number_Cliques: 326
Clique_number: 3
Clustering: 0.006437
Edge_connectivity: 1
Betweeness: 0.0037896
Centrality: 0.4691197
Communicability: 93214.9925291
Density: 0.0068043
Diameter: 4.0
Eccentricity: 3.0
Pagerank: 0
Radius: 2.0
Square_clustering: 0.0060551
