Size: 1203
Order: 1156
Assortativity: -0.8001789
Transitivity: 0.00029
Degree: 0.001802
Coreness: 1.0
Number_Triangles: 0.0
Number_Cliques: 1154
Clique_number: 3
Clustering: 0.041524
Edge_connectivity: 1
