Size: 1407
Order: 1045
Assortativity: -0.5315344
Transitivity: 0.00531
Degree: 0.0025793
Coreness: 1.0
Number_Triangles: 1.0
Number_Cliques: 1131
Clique_number: 4
Clustering: 0.1947569
Edge_connectivity: 1
