Size: 888
Order: 597
Assortativity: -0.765185
Transitivity: 0.00948
Degree: 0.0049914
Coreness: 1.0
Number_Triangles: 1.0
Number_Cliques: 753
Clique_number: 4
Clustering: 0.1376714
Edge_connectivity: 1
Betweeness: 0.0029718
Centrality: 0.3650064
Communicability: 698236.702398
Density: 0.0049914
Diameter: 4.0
Eccentricity: 3.0
Pagerank: 0
Radius: 3.0
Square_clustering: 0.0042558
