Size: 1233
Order: 1196
Assortativity: -0.9520558
Transitivity: 1e-05
Degree: 0.0017254
Coreness: 1.0
Number_Triangles: 0.0
Number_Cliques: 1231
Clique_number: 3
Clustering: 0.0009907
Edge_connectivity: 1
Betweeness: 0.0016311
Centrality: 0.3414852
Communicability: 184609772.358
Density: 0.0017254
Diameter: 5.0
Eccentricity: 4.0
Pagerank: 0
Radius: 3.0
Square_clustering: 0.0014163
