Size: 1123
Order: 1115
Assortativity: -0.8706741
Transitivity: 2e-05
Degree: 0.0018082
Coreness: 1.0
Number_Triangles: 0.0
Number_Cliques: 1119
Clique_number: 3
Clustering: 0.0026923
Edge_connectivity: 1
Betweeness: 0.0010503
Centrality: 0.4678669
Communicability: 89816840295.0
Density: 0.0018082
Diameter: 6.0
Eccentricity: 4.0
Pagerank: 0
Radius: 3.0
Square_clustering: 0.0014722
