Size: 2549
Order: 2096
Assortativity: -0.5148453
Transitivity: 0.00125
Degree: 0.001161
Coreness: 1.0
Number_Triangles: 0.0
Number_Cliques: 2269
Clique_number: 5
Clustering: 0.0854618
Edge_connectivity: 1
Betweeness: 0.0008939
Centrality: 0.357902
Communicability: 3.04432412046e+12
Density: 0.001161
Diameter: 7.0
Eccentricity: 5.0
Pagerank: 0
Radius: 4.0
Square_clustering: 0.0007493
