Size: 527
Order: 527
Assortativity: -0.9673566
Transitivity: 2e-05
Degree: 0.0038023
Coreness: 1.0
Number_Triangles: 0.0
Number_Cliques: 525
Clique_number: 3
Clustering: 0.0019503
Edge_connectivity: 1
Betweeness: 0.0019615
Centrality: 0.4945749
Communicability: 14574165.3769
Density: 0.0038023
Diameter: 4.0
Eccentricity: 3.0
Pagerank: 0
Radius: 2.0
Square_clustering: 0.0
