Size: 556
Order: 525
Assortativity: -0.6863134
Transitivity: 0.00032
Degree: 0.0040422
Coreness: 1.0
Number_Triangles: 0.0
Number_Cliques: 545
Clique_number: 3
Clustering: 0.0101884
Edge_connectivity: 1
Betweeness: 0.0038656
Centrality: 0.3375941
Communicability: 139590.581914
Density: 0.0040422
Diameter: 6.0
Eccentricity: 5.0
Pagerank: 0
Radius: 4.0
Square_clustering: 0.001963
