Size: 2815
Order: 2351
Assortativity: -0.5420619
Transitivity: 0.00076
Degree: 0.001019
Coreness: 1.0
Number_Triangles: 0.0
Number_Cliques: 2625
Clique_number: 4
Clustering: 0.0494213
Edge_connectivity: 1
