Size: 1273
Order: 1273
Assortativity: -0.9984351
Transitivity: 0.0
Degree: 0.0015723
Coreness: 1.0
Number_Triangles: 0.0
Number_Cliques: 1271
Clique_number: 3
Clustering: 0.0015711
Edge_connectivity: 1
Betweeness: 0.0007855
Centrality: 0.5005895
Communicability: 2.42483892635e+12
Density: 0.0015723
Diameter: 2.0
Eccentricity: 1.0
Pagerank: 0
Radius: 1.0
Square_clustering: 0.0
