Size: 1430
Order: 1267
Assortativity: -0.8529124
Transitivity: 0.00164
Degree: 0.001783
Coreness: 1.0
Number_Triangles: 0.0
Number_Cliques: 1299
Clique_number: 4
Clustering: 0.0814597
Edge_connectivity: 1
Betweeness: 0.0013819
Centrality: 0.3669875
Communicability: 18385893.654
Density: 0.001783
Diameter: 6.0
Eccentricity: 4.0
Pagerank: 0
Radius: 3.0
Square_clustering: 0.0026384
