Size: 875
Order: 550
Assortativity: -0.7498996
Transitivity: 0.00215
Degree: 0.0057957
Coreness: 1.0
Number_Triangles: 0.0
Number_Cliques: 792
Clique_number: 3
Clustering: 0.098417
Edge_connectivity: 1
Betweeness: 0.0029148
Centrality: 0.3934557
Communicability: 16318581.9726
Density: 0.0057957
Diameter: 5.0
Eccentricity: 4.0
Pagerank: 0
Radius: 3.0
Square_clustering: 0.0056145
