Size: 550
Order: 550
Assortativity: -0.9963965
Transitivity: 2e-05
Degree: 0.003643
Coreness: 1.0
Number_Triangles: 0.0
Number_Cliques: 548
Clique_number: 3
Clustering: 0.0036364
Edge_connectivity: 1
Betweeness: 0.0018182
Centrality: 0.5013657
Communicability: 27309173.9624
Density: 0.003643
Diameter: 2.0
Eccentricity: 1.0
Pagerank: 0
Radius: 1.0
Square_clustering: 0.0
