Size: 340
Order: 302
Assortativity: -0.6326556
Transitivity: 0.00298
Degree: 0.0074806
Coreness: 1.0
Number_Triangles: 0.0
Number_Cliques: 309
Clique_number: 3
Clustering: 0.0908565
Edge_connectivity: 1
Betweeness: 0.0047532
Centrality: 0.4215036
Communicability: 18083.9183999
Density: 0.0074806
Diameter: 5.0
Eccentricity: 4.0
Pagerank: 0
Radius: 3.0
Square_clustering: 0.0058702
