Size: 2382
Order: 2272
Assortativity: -0.8292931
Transitivity: 1e-05
Degree: 0.0009233
Coreness: 1.0
Number_Triangles: 0.0
Number_Cliques: 2377
Clique_number: 3
Clustering: 0.0011737
Edge_connectivity: 1
Betweeness: 0.0007582
Centrality: 0.3752025
Communicability: 3.0440569499e+14
Density: 0.0009233
Diameter: 4.0
Eccentricity: 3.0
Pagerank: 0
Radius: 2.0
Square_clustering: 0.0008777
