Size: 1092
Order: 1026
Assortativity: -0.9697625
Transitivity: 0.00069
Degree: 0.0020767
Coreness: 1.0
Number_Triangles: 0.0
Number_Cliques: 1023
Clique_number: 3
Clustering: 0.0649998
Edge_connectivity: 1
Betweeness: 0.0014371
Centrality: 0.4070795
Communicability: 78836969.5565
Density: 0.0020767
Diameter: 6.0
Eccentricity: 5.0
Pagerank: 0
Radius: 3.0
Square_clustering: 0.0021949
