Size: 113
Order: 108
Assortativity: -0.7775432
Transitivity: 0.00564
Degree: 0.0195569
Coreness: 1.0
Number_Triangles: 0.0
Number_Cliques: 108
Clique_number: 3
Clustering: 0.02424
Edge_connectivity: 1
Betweeness: 0.0215799
Centrality: 0.3086904
Communicability: 30.9255998
Density: 0.0195569
Diameter: 5.0
Eccentricity: 4.0
Pagerank: 0
Radius: 3.0
Square_clustering: 0.0113275
