Size: 2036
Order: 1188
Assortativity: -0.6101339
Transitivity: 0.01096
Degree: 0.0028876
Coreness: 1.0
Number_Triangles: 3.0
Number_Cliques: 1260
Clique_number: 7
Clustering: 0.3354722
Edge_connectivity: 1
Betweeness: 0.0013313
Centrality: 0.3930326
Communicability: 127909249685.0
Density: 0.0028876
Diameter: 5.0
Eccentricity: 4.0
Pagerank: 0
Radius: 3.0
Square_clustering: 0.0021028
