Size: 384
Order: 361
Assortativity: -0.6956957
Transitivity: 0.00083
Degree: 0.0059095
Coreness: 1.0
Number_Triangles: 0.0
Number_Cliques: 374
Clique_number: 3
Clustering: 0.0125881
Edge_connectivity: 1
Betweeness: 0.0053465
Centrality: 0.348449
Communicability: 12018.639489
Density: 0.0059095
Diameter: 5.0
Eccentricity: 4.0
Pagerank: 0
Radius: 3.0
Square_clustering: 0.0110991
