Size: 130
Order: 125
Assortativity: -0.7900135
Transitivity: 0.00392
Degree: 0.0167742
Coreness: 1.0
Number_Triangles: 0.0
Number_Cliques: 123
Clique_number: 3
Clustering: 0.0406106
Edge_connectivity: 1
Betweeness: 0.011208
Centrality: 0.4253006
Communicability: 118.7723325
Density: 0.0167742
Diameter: 3.0
Eccentricity: 2.0
Pagerank: 0
Radius: 2.0
Square_clustering: 0.0011629
