Size: 663
Order: 624
Assortativity: -0.6816362
Transitivity: 0.0009
Degree: 0.0034109
Coreness: 1.0
Number_Triangles: 0.0
Number_Cliques: 627
Clique_number: 4
Clustering: 0.0392522
Edge_connectivity: 1
Betweeness: 0.0027111
Centrality: 0.3820426
Communicability: 4967585.00347
Density: 0.0034109
Diameter: 5.0
Eccentricity: 3.0
Pagerank: 0
Radius: 3.0
Square_clustering: 0.000564
