Size: 1478
Order: 1281
Assortativity: -0.6956176
Transitivity: 0.00162
Degree: 0.0018028
Coreness: 1.0
Number_Triangles: 0.0
Number_Cliques: 1365
Clique_number: 4
Clustering: 0.0516718
Edge_connectivity: 1
