Size: 1109
Order: 1043
Assortativity: -0.7469301
Transitivity: 0.00047
Degree: 0.0020408
Coreness: 1.0
Number_Triangles: 0.0
Number_Cliques: 1075
Clique_number: 4
Clustering: 0.0246583
Edge_connectivity: 1
