Size: 100
Order: 100
Assortativity: -0.8470613
Transitivity: 0.00074
Degree: 0.020202
Coreness: 1.0
Number_Triangles: 0.0
Number_Cliques: 98
Clique_number: 3
Clustering: 0.0102247
Edge_connectivity: 1
Betweeness: 0.0116656
Centrality: 0.4732638
Communicability: 135.5931063
Density: 0.020202
Diameter: 4.0
Eccentricity: 3.0
Pagerank: 0
Radius: 2.0
Square_clustering: 0.0
