Size: 2798
Order: 2191
Assortativity: -0.5601933
Transitivity: 0.0012
Degree: 0.0011662
Coreness: 1.0
Number_Triangles: 0.0
Number_Cliques: 2477
Clique_number: 4
Clustering: 0.0986882
Edge_connectivity: 1
Betweeness: 0.0008702
Centrality: 0.3511589
Communicability: 3.58705857252e+12
Density: 0.0011662
Diameter: 6.0
Eccentricity: 4.0
Pagerank: 0
Radius: 3.0
Square_clustering: 0.0003388
