Size: 337
Order: 303
Assortativity: -0.6327763
Transitivity: 0.0
Degree: 0.0073656
Coreness: 1.0
Number_Triangles: 0.0
Number_Cliques: 337
Clique_number: 2
Clustering: 0.0
Edge_connectivity: 1
Betweeness: 0.0088269
Centrality: 0.2776599
Communicability: 126.92606
Density: 0.0073656
Diameter: 7.0
Eccentricity: 5.0
Pagerank: 0
Radius: 4.0
Square_clustering: 0.0037487
