Size: 1617
Order: 1075
Assortativity: -0.7728601
Transitivity: 0.00476
Degree: 0.0028011
Coreness: 1.0
Number_Triangles: 1.0
Number_Cliques: 1242
Clique_number: 5
Clustering: 0.2801985
Edge_connectivity: 1
