Size: 526
Order: 516
Assortativity: -0.8213852
Transitivity: 0.00027
Degree: 0.0039588
Coreness: 1.0
Number_Triangles: 0.0
Number_Cliques: 515
Clique_number: 3
Clustering: 0.0157451
Edge_connectivity: 1
Betweeness: 0.0024044
Centrality: 0.4560459
Communicability: 5064567.30501
Density: 0.0039588
Diameter: 5.0
Eccentricity: 4.0
Pagerank: 0
Radius: 3.0
Square_clustering: 0.0015106
