Size: 128
Order: 124
Assortativity: -0.7403669
Transitivity: 0.0
Degree: 0.0167847
Coreness: 1.0
Number_Triangles: 0.0
Number_Cliques: 128
Clique_number: 2
Clustering: 0.0
Edge_connectivity: 1
Betweeness: 0.0154734
Centrality: 0.3539825
Communicability: 71.0990215
Density: 0.0167847
Diameter: 5.0
Eccentricity: 4.0
Pagerank: 0
Radius: 3.0
Square_clustering: 0.0097757
