Size: 1417
Order: 1232
Assortativity: -0.5207071
Transitivity: 0.00226
Degree: 0.0018687
Coreness: 1.0
Number_Triangles: 0.0
Number_Cliques: 1339
Clique_number: 4
Clustering: 0.0422046
Edge_connectivity: 1
