Size: 676
Order: 635
Assortativity: -0.6691528
Transitivity: 0.00043
Degree: 0.0033583
Coreness: 1.0
Number_Triangles: 0.0
Number_Cliques: 653
Clique_number: 3
Clustering: 0.025283
Edge_connectivity: 1
Betweeness: 0.0023656
Centrality: 0.4126411
Communicability: 13472494.0649
Density: 0.0033583
Diameter: 6.0
Eccentricity: 4.0
Pagerank: 0
Radius: 3.0
Square_clustering: 0.0010819
