Size: 2648
Order: 2252
Assortativity: -0.5466523
Transitivity: 0.00202
Degree: 0.0010447
Coreness: 1.0
Number_Triangles: 0.0
Number_Cliques: 2410
Clique_number: 5
Clustering: 0.0689363
Edge_connectivity: 1
