Size: 1467
Order: 1239
Assortativity: -0.7523103
Transitivity: 0.00086
Degree: 0.0019128
Coreness: 1.0
Number_Triangles: 0.0
Number_Cliques: 1397
Clique_number: 3
Clustering: 0.0281719
Edge_connectivity: 1
