Size: 377
Order: 342
Assortativity: -0.6776839
Transitivity: 0.0002
Degree: 0.0064653
Coreness: 1.0
Number_Triangles: 0.0
Number_Cliques: 375
Clique_number: 3
Clustering: 0.0029453
Edge_connectivity: 1
Betweeness: 0.0094948
Centrality: 0.2452721
Communicability: 264.1783255
Density: 0.0064653
Diameter: 10.0
Eccentricity: 8.0
Pagerank: 0
Radius: 5.0
Square_clustering: 0.0085095
