Size: 129
Order: 129
Assortativity: -0.9850833
Transitivity: 0.00037
Degree: 0.015625
Coreness: 1.0
Number_Triangles: 0.0
Number_Cliques: 127
Clique_number: 3
Clustering: 0.0155048
Edge_connectivity: 1
Betweeness: 0.007751
Centrality: 0.5058522
Communicability: 641.6249379
Density: 0.015625
Diameter: 2.0
Eccentricity: 1.0
Pagerank: 0
Radius: 1.0
Square_clustering: 0.0
