Size: 1319
Order: 1185
Assortativity: -0.7897118
Transitivity: 0.00083
Degree: 0.0018802
Coreness: 1.0
Number_Triangles: 0.0
Number_Cliques: 1196
Clique_number: 4
Clustering: 0.0930748
Edge_connectivity: 1
