Size: 1073
Order: 1032
Assortativity: -0.9085277
Transitivity: 0.00045
Degree: 0.0020169
Coreness: 1.0
Number_Triangles: 0.0
Number_Cliques: 1032
Clique_number: 3
Clustering: 0.0353805
Edge_connectivity: 1
Betweeness: 0.0015256
Centrality: 0.3921474
Communicability: 22590050.204
Density: 0.0020169
Diameter: 5.0
Eccentricity: 4.0
Pagerank: 0
Radius: 3.0
Square_clustering: 0.0013627
