Size: 3837
Order: 2030
Assortativity: -0.7140699
Transitivity: 0.01361
Degree: 0.0018631
Coreness: 1.0
Number_Triangles: 5.0
Number_Cliques: 2520
Clique_number: 8
Clustering: 0.2697433
Edge_connectivity: 1
Betweeness: 0.0009107
Centrality: 0.3552738
Communicability: 1.77729990079e+14
Density: 0.0018631
Diameter: 6.0
Eccentricity: 4.0
Pagerank: 0
Radius: 3.0
Square_clustering: 0.0017737
