Size: 2524
Order: 2386
Assortativity: -0.7172006
Transitivity: 0.0002
Degree: 0.0008871
Coreness: 1.0
Number_Triangles: 0.0
Number_Cliques: 2415
Clique_number: 3
Clustering: 0.0407521
Edge_connectivity: 1
