Size: 552
Order: 542
Assortativity: -0.893017
Transitivity: 0.0
Degree: 0.0037651
Coreness: 1.0
Number_Triangles: 0.0
Number_Cliques: 552
Clique_number: 2
Clustering: 0.0
Edge_connectivity: 1
Betweeness: 0.0021524
Centrality: 0.4707791
Communicability: 13907480.1359
Density: 0.0037651
Diameter: 5.0
Eccentricity: 4.0
Pagerank: 0
Radius: 3.0
Square_clustering: 0.0026841
