Size: 386
Order: 371
Assortativity: -0.5863086
Transitivity: 0.00019
Degree: 0.005624
Coreness: 1.0
Number_Triangles: 0.0
Number_Cliques: 383
Clique_number: 3
Clustering: 0.0054001
Edge_connectivity: 1
Betweeness: 0.00546
Centrality: 0.3420925
Communicability: 13334.9100888
Density: 0.005624
Diameter: 7.0
Eccentricity: 5.0
Pagerank: 0
Radius: 4.0
Square_clustering: 0.0004683
