Size: 114
Order: 112
Assortativity: -0.8410398
Transitivity: 0.00245
Degree: 0.0183398
Coreness: 1.0
Number_Triangles: 0.0
Number_Cliques: 110
Clique_number: 3
Clustering: 0.0268349
Edge_connectivity: 1
Betweeness: 0.0124956
Centrality: 0.4253572
Communicability: 73.372938
Density: 0.0183398
Diameter: 3.0
Eccentricity: 2.0
Pagerank: 0
Radius: 2.0
Square_clustering: 0.0178791
