Size: 320
Order: 318
Assortativity: -0.8818626
Transitivity: 0.0002
Degree: 0.0063488
Coreness: 1.0
Number_Triangles: 0.0
Number_Cliques: 316
Clique_number: 3
Clustering: 0.0097711
Edge_connectivity: 1
Betweeness: 0.0037787
Centrality: 0.4648925
Communicability: 99960.715568
Density: 0.0063488
Diameter: 4.0
Eccentricity: 3.0
Pagerank: 0
Radius: 2.0
Square_clustering: 0.0031628
