Size: 1248
Order: 1008
Assortativity: -0.4801368
Transitivity: 0.00073
Degree: 0.002459
Coreness: 1.0
Number_Triangles: 0.0
Number_Cliques: 1203
Clique_number: 3
Clustering: 0.0150729
Edge_connectivity: 1
