Size: 2765
Order: 2254
Assortativity: -0.668744
Transitivity: 0.00133
Degree: 0.001089
Coreness: 1.0
Number_Triangles: 0.0
Number_Cliques: 2327
Clique_number: 4
Clustering: 0.1296434
Edge_connectivity: 1
Betweeness: 0.0008149
Centrality: 0.3592633
Communicability: 2.028552959e+13
Density: 0.001089
Diameter: 5.0
Eccentricity: 4.0
Pagerank: 0
Radius: 3.0
Square_clustering: 0.0005593
