Size: 359
Order: 358
Assortativity: -0.9299988
Transitivity: 0.0001
Degree: 0.0056179
Coreness: 1.0
Number_Triangles: 0.0
Number_Cliques: 356
Clique_number: 3
Clustering: 0.0056481
Edge_connectivity: 1
Betweeness: 0.0029892
Centrality: 0.4877721
Communicability: 328090.103173
Density: 0.0056179
Diameter: 4.0
Eccentricity: 3.0
Pagerank: 0
Radius: 2.0
Square_clustering: 0.0028028
