Size: 347
Order: 347
Assortativity: -0.9943186
Transitivity: 5e-05
Degree: 0.0057803
Coreness: 1.0
Number_Triangles: 0.0
Number_Cliques: 345
Clique_number: 3
Clustering: 0.0057637
Edge_connectivity: 1
Betweeness: 0.0028818
Centrality: 0.5021666
Communicability: 346212.12208
Density: 0.0057803
Diameter: 2.0
Eccentricity: 1.0
Pagerank: 0
Radius: 1.0
Square_clustering: 0.0
