Size: 2391
Order: 2387
Assortativity: -0.9828559
Transitivity: 0.0
Degree: 0.0008396
Coreness: 1.0
Number_Triangles: 0.0
Number_Cliques: 2389
Clique_number: 3
Clustering: 0.0008401
Edge_connectivity: 1
Betweeness: 0.0004297
Centrality: 0.4954766
Communicability: 5.81834486799e+17
Density: 0.0008396
Diameter: 4.0
Eccentricity: 3.0
Pagerank: 0
Radius: 2.0
Square_clustering: 0.0006286
