Size: 1114
Order: 1032
Assortativity: -0.9035898
Transitivity: 0.00028
Degree: 0.002094
Coreness: 1.0
Number_Triangles: 0.0
Number_Cliques: 1087
Clique_number: 3
Clustering: 0.0209569
Edge_connectivity: 1
