Size: 2115
Order: 2022
Assortativity: -0.7186713
Transitivity: 0.00028
Degree: 0.0010351
Coreness: 1.0
Number_Triangles: 0.0
Number_Cliques: 2030
Clique_number: 3
Clustering: 0.0386603
Edge_connectivity: 1
Betweeness: 0.0008041
Centrality: 0.3879784
Communicability: 1.49139370092e+12
Density: 0.0010351
Diameter: 8.0
Eccentricity: 7.0
Pagerank: 0
Radius: 4.0
Square_clustering: 0.0002629
