Size: 2397
Order: 2285
Assortativity: -0.8285763
Transitivity: 0.0
Degree: 0.0009186
Coreness: 1.0
Number_Triangles: 0.0
Number_Cliques: 2395
Clique_number: 3
Clustering: 0.0008753
Edge_connectivity: 1
Betweeness: 0.0007526
Centrality: 0.3756875
Communicability: 3.56665649871e+14
Density: 0.0009186
Diameter: 5.0
Eccentricity: 4.0
Pagerank: 0
Radius: 3.0
Square_clustering: 0.0008588
