Size: 394
Order: 323
Assortativity: -0.7079858
Transitivity: 0.00962
Degree: 0.0075765
Coreness: 1.0
Number_Triangles: 0.0
Number_Cliques: 331
Clique_number: 4
Clustering: 0.1490199
Edge_connectivity: 1
Betweeness: 0.0062326
Centrality: 0.3373124
Communicability: 1786.5676215
Density: 0.0075765
Diameter: 5.0
Eccentricity: 4.0
Pagerank: 0
Radius: 3.0
Square_clustering: 0.002591
