Size: 650
Order: 507
Assortativity: -0.6638162
Transitivity: 0.00999
Degree: 0.0050674
Coreness: 1.0
Number_Triangles: 0.0
Number_Cliques: 538
Clique_number: 4
Clustering: 0.1691527
Edge_connectivity: 1
Betweeness: 0.0045325
Centrality: 0.3071052
Communicability: 10149.1753045
Density: 0.0050674
Diameter: 5.0
Eccentricity: 4.0
Pagerank: 0
Radius: 3.0
Square_clustering: 0.0059164
