Size: 1395
Order: 1155
Assortativity: -0.8609449
Transitivity: 0.0028
Degree: 0.0020932
Coreness: 1.0
Number_Triangles: 0.0
Number_Cliques: 1153
Clique_number: 5
Clustering: 0.1607928
Edge_connectivity: 1
Betweeness: 0.0013328
Centrality: 0.3964366
Communicability: 329839645.045
Density: 0.0020932
Diameter: 4.0
Eccentricity: 3.0
Pagerank: 0
Radius: 2.0
Square_clustering: 0.0011373
