Size: 650
Order: 623
Assortativity: -0.6929001
Transitivity: 2e-05
Degree: 0.0033548
Coreness: 1.0
Number_Triangles: 0.0
Number_Cliques: 648
Clique_number: 3
Clustering: 0.000268
Edge_connectivity: 1
Betweeness: 0.0027172
Centrality: 0.3861376
Communicability: 7829479.09746
Density: 0.0033548
Diameter: 5.0
Eccentricity: 4.0
Pagerank: 0
Radius: 3.0
Square_clustering: 0.0037461
