Size: 1148
Order: 1016
Assortativity: -0.6334231
Transitivity: 0.00065
Degree: 0.0022264
Coreness: 1.0
Number_Triangles: 0.0
Number_Cliques: 1103
Clique_number: 4
Clustering: 0.0276201
Edge_connectivity: 1
