Size: 129
Order: 121
Assortativity: -0.6497689
Transitivity: 0.00261
Degree: 0.0177686
Coreness: 1.0
Number_Triangles: 0.0
Number_Cliques: 125
Clique_number: 3
Clustering: 0.0093993
Edge_connectivity: 1
Betweeness: 0.0206241
Centrality: 0.2940526
Communicability: 19.2321197
Density: 0.0177686
Diameter: 6.0
Eccentricity: 5.0
Pagerank: 0.0082645
Radius: 3.0
Square_clustering: 0.035524
