Size: 2378
Order: 2004
Assortativity: -0.5738079
Transitivity: 0.00075
Degree: 0.0011848
Coreness: 1.0
Number_Triangles: 0.0
Number_Cliques: 2189
Clique_number: 4
Clustering: 0.0649992
Edge_connectivity: 1
Betweeness: 0.0008239
Centrality: 0.3844516
Communicability: 3.91842496452e+12
Density: 0.0011848
Diameter: 5.0
Eccentricity: 4.0
Pagerank: 0
Radius: 3.0
Square_clustering: 0.0005858
