Size: 729
Order: 530
Assortativity: -0.6380363
Transitivity: 0.01133
Degree: 0.0052003
Coreness: 1.0
Number_Triangles: 0.0
Number_Cliques: 606
Clique_number: 4
Clustering: 0.1550605
Edge_connectivity: 1
Betweeness: 0.003981
Centrality: 0.3273049
Communicability: 48345.7683491
Density: 0.0052003
Diameter: 5.0
Eccentricity: 4.0
Pagerank: 0
Radius: 3.0
Square_clustering: 0.0046659
