Size: 2434
Order: 2316
Assortativity: -0.8191293
Transitivity: 0.00022
Degree: 0.0009079
Coreness: 1.0
Number_Triangles: 0.0
Number_Cliques: 2314
Clique_number: 4
Clustering: 0.0474863
Edge_connectivity: 1
Betweeness: 0.0005862
Centrality: 0.4275588
Communicability: 5.88157260252e+14
Density: 0.0009079
Diameter: 4.0
Eccentricity: 3.0
Pagerank: 0
Radius: 2.0
Square_clustering: 0.0010002
