Size: 1327
Order: 1110
Assortativity: -0.7985636
Transitivity: 0.00241
Degree: 0.002156
Coreness: 1.0
Number_Triangles: 0.0
Number_Cliques: 1176
Clique_number: 4
Clustering: 0.1108192
Edge_connectivity: 1
