Size: 337
Order: 316
Assortativity: -0.7887114
Transitivity: 0.00149
Degree: 0.0067711
Coreness: 1.0
Number_Triangles: 0.0
Number_Cliques: 316
Clique_number: 3
Clustering: 0.0559098
Edge_connectivity: 1
Betweeness: 0.003652
Centrality: 0.470808
Communicability: 79052.0408205
Density: 0.0067711
Diameter: 4.0
Eccentricity: 3.0
Pagerank: 0
Radius: 2.0
Square_clustering: 0.0438428
