Size: 2826
Order: 2045
Assortativity: -0.7017442
Transitivity: 0.0073
Degree: 0.0013522
Coreness: 1.0
Number_Triangles: 1.0
Number_Cliques: 2282
Clique_number: 6
Clustering: 0.161823
Edge_connectivity: 1
