Size: 1260
Order: 1129
Assortativity: -0.9208984
Transitivity: 0.00016
Degree: 0.0019788
Coreness: 1.0
Number_Triangles: 0.0
Number_Cliques: 1241
Clique_number: 3
Clustering: 0.0136581
Edge_connectivity: 1
