Size: 743
Order: 595
Assortativity: -0.7325252
Transitivity: 0.00419
Degree: 0.0042045
Coreness: 1.0
Number_Triangles: 0.0
Number_Cliques: 626
Clique_number: 4
Clustering: 0.1630655
Edge_connectivity: 1
Betweeness: 0.0027289
Centrality: 0.389492
Communicability: 1517455.4182
Density: 0.0042045
Diameter: 6.0
Eccentricity: 4.0
Pagerank: 0
Radius: 3.0
Square_clustering: 0.0033485
