Size: 1381
Order: 1243
Assortativity: -0.6853509
Transitivity: 0.00183
Degree: 0.0017891
Coreness: 1.0
Number_Triangles: 0.0
Number_Cliques: 1299
Clique_number: 4
Clustering: 0.0344416
Edge_connectivity: 1
