Size: 372
Order: 328
Assortativity: -0.9210604
Transitivity: 0.0
Degree: 0.0069367
Coreness: 1.0
Number_Triangles: 0.0
Number_Cliques: 372
Clique_number: 2
Clustering: 0.0
Edge_connectivity: 1
Betweeness: 0.0064377
Centrality: 0.3262091
Communicability: 1653.0126487
Density: 0.0069367
Diameter: 5.0
Eccentricity: 4.0
Pagerank: 0
Radius: 3.0
Square_clustering: 0.0055948
