Size: 3061
Order: 2223
Assortativity: -0.6785909
Transitivity: 0.00533
Degree: 0.0012394
Coreness: 1.0
Number_Triangles: 1.0
Number_Cliques: 2643
Clique_number: 5
Clustering: 0.1323415
Edge_connectivity: 1
Betweeness: 0.0010115
Centrality: 0.3115282
Communicability: 792248143.338
Density: 0.0012394
Diameter: 6.0
Eccentricity: 4.0
Pagerank: 0
Radius: 3.0
Square_clustering: 0.0005817
