Size: 1353
Order: 1147
Assortativity: -0.5715277
Transitivity: 0.00124
Degree: 0.0020586
Coreness: 1.0
Number_Triangles: 0.0
Number_Cliques: 1251
Clique_number: 4
Clustering: 0.0575213
Edge_connectivity: 1
Betweeness: 0.0017404
Centrality: 0.3410123
Communicability: 157808627.634
Density: 0.0020586
Diameter: 7.0
Eccentricity: 5.0
Pagerank: 0
Radius: 4.0
Square_clustering: 0.0005741
