Size: 1205
Order: 1177
Assortativity: -0.7782862
Transitivity: 0.00026
Degree: 0.0017411
Coreness: 1.0
Number_Triangles: 0.0
Number_Cliques: 1184
Clique_number: 3
Clustering: 0.0141615
Edge_connectivity: 1
