Size: 604
Order: 581
Assortativity: -0.6355089
Transitivity: 0.00012
Degree: 0.0035848
Coreness: 1.0
Number_Triangles: 0.0
Number_Cliques: 597
Clique_number: 3
Clustering: 0.0051748
Edge_connectivity: 1
Betweeness: 0.0030337
Centrality: 0.3762514
Communicability: 2623812.62221
Density: 0.0035848
Diameter: 7.0
Eccentricity: 5.0
Pagerank: 0
Radius: 4.0
Square_clustering: 0.0059068
