Size: 548
Order: 504
Assortativity: -0.624919
Transitivity: 0.00093
Degree: 0.0043233
Coreness: 1.0
Number_Triangles: 0.0
Number_Cliques: 528
Clique_number: 3
Clustering: 0.0273586
Edge_connectivity: 1
Betweeness: 0.0037224
Centrality: 0.3570282
Communicability: 205264.437614
Density: 0.0043233
Diameter: 4.0
Eccentricity: 3.0
Pagerank: 0
Radius: 2.0
Square_clustering: 0.0015596
