Size: 1484
Order: 1192
Assortativity: -0.5274204
Transitivity: 0.00098
Degree: 0.0020906
Coreness: 1.0
Number_Triangles: 0.0
Number_Cliques: 1421
Clique_number: 3
Clustering: 0.0390489
Edge_connectivity: 1
