Size: 1541
Order: 1175
Assortativity: -0.7656051
Transitivity: 0.00368
Degree: 0.0022342
Coreness: 1.0
Number_Triangles: 1.0
Number_Cliques: 1238
Clique_number: 4
Clustering: 0.2010966
Edge_connectivity: 1
