Size: 2990
Order: 2561
Assortativity: -0.9119741
Transitivity: 0.00055
Degree: 0.0009121
Coreness: 1.0
Number_Triangles: 0.0
Number_Cliques: 2620
Clique_number: 3
Clustering: 0.1409088
Edge_connectivity: 1
Betweeness: 0.0005755
Centrality: 0.4095093
Communicability: 1.47239939221e+15
Density: 0.0009121
Diameter: 5.0
Eccentricity: 4.0
Pagerank: 0
Radius: 3.0
Square_clustering: 0.0007916
