Size: 323
Order: 311
Assortativity: -0.8575852
Transitivity: 0.00083
Degree: 0.0067005
Coreness: 1.0
Number_Triangles: 0.0
Number_Cliques: 310
Clique_number: 3
Clustering: 0.0387048
Edge_connectivity: 1
Betweeness: 0.0035236
Centrality: 0.4826129
Communicability: 95788.0578655
Density: 0.0067005
Diameter: 4.0
Eccentricity: 3.0
Pagerank: 0
Radius: 2.0
Square_clustering: 0.0072544
