Size: 629
Order: 592
Assortativity: -0.671819
Transitivity: 0.00099
Degree: 0.0035956
Coreness: 1.0
Number_Triangles: 0.0
Number_Cliques: 598
Clique_number: 4
Clustering: 0.0402929
Edge_connectivity: 1
Betweeness: 0.0028463
Centrality: 0.3823041
Communicability: 1476920.51279
Density: 0.0035956
Diameter: 5.0
Eccentricity: 4.0
Pagerank: 0
Radius: 3.0
Square_clustering: 0.0011407
