Size: 1518
Order: 1023
Assortativity: -0.7510649
Transitivity: 0.00779
Degree: 0.0029039
Coreness: 1.0
Number_Triangles: 1.0
Number_Cliques: 1092
Clique_number: 5
Clustering: 0.2844921
Edge_connectivity: 1
