Size: 105
Order: 104
Assortativity: -0.9909291
Transitivity: 0.0
Degree: 0.0196042
Coreness: 1.0
Number_Triangles: 0.0
Number_Cliques: 105
Clique_number: 2
Clustering: 0.0
Edge_connectivity: 1
Betweeness: 0.0187182
Centrality: 0.3464941
Communicability: 29.1047023
Density: 0.0196042
Diameter: 4.0
Eccentricity: 3.0
Pagerank: 0
Radius: 2.0
Square_clustering: 0.0192544
