Size: 2359
Order: 2358
Assortativity: -0.9983101
Transitivity: 0.0
Degree: 0.0008489
Coreness: 1.0
Number_Triangles: 0.0
Number_Cliques: 2356
Clique_number: 3
Clustering: 0.0011309
Edge_connectivity: 1
Betweeness: 0.0004241
Centrality: 0.5003183
Communicability: 5.15673787947e+17
Density: 0.0008489
Diameter: 2.0
Eccentricity: 1.0
Pagerank: 0
Radius: 1.0
Square_clustering: 0.0016964
