Size: 4334
Order: 2529
Assortativity: -0.5692345
Transitivity: 0.00914
Degree: 0.0013558
Coreness: 1.0
Number_Triangles: 4.0
Number_Cliques: 2928
Clique_number: 8
Clustering: 0.2409437
Edge_connectivity: 1
Betweeness: 0.0007276
Centrality: 0.3561035
Communicability: 4.88619656062e+14
Density: 0.0013558
Diameter: 5.0
Eccentricity: 3.0
Pagerank: 0
Radius: 3.0
Square_clustering: 0.0007124
