Size: 3204
Order: 2191
Assortativity: -0.6400434
Transitivity: 0.009
Degree: 0.0013355
Coreness: 1.0
Number_Triangles: 2.0
Number_Cliques: 2663
Clique_number: 6
Clustering: 0.1400896
Edge_connectivity: 1
Betweeness: 0.0009577
Centrality: 0.3264251
Communicability: 9616166236.59
Density: 0.0013355
Diameter: 6.0
Eccentricity: 5.0
Pagerank: 0
Radius: 3.0
Square_clustering: 0.0014331
