Size: 1751
Order: 1288
Assortativity: -0.7513855
Transitivity: 0.00716
Degree: 0.0021126
Coreness: 1.0
Number_Triangles: 1.0
Number_Cliques: 1470
Clique_number: 6
Clustering: 0.1348347
Edge_connectivity: 1
