Size: 370
Order: 369
Assortativity: -0.8845606
Transitivity: 5e-05
Degree: 0.0054495
Coreness: 1.0
Number_Triangles: 0.0
Number_Cliques: 368
Clique_number: 3
Clustering: 0.0054611
Edge_connectivity: 1
Betweeness: 0.0036463
Centrality: 0.4453973
Communicability: 324682.199668
Density: 0.0054495
Diameter: 6.0
Eccentricity: 5.0
Pagerank: 0
Radius: 3.0
Square_clustering: 0.003254
