Size: 2446
Order: 2181
Assortativity: -0.6729908
Transitivity: 0.00093
Degree: 0.0010289
Coreness: 1.0
Number_Triangles: 0.0
Number_Cliques: 2179
Clique_number: 5
Clustering: 0.0967178
Edge_connectivity: 1
