Size: 598
Order: 586
Assortativity: -0.872715
Transitivity: 0.0003
Degree: 0.0034888
Coreness: 1.0
Number_Triangles: 0.0
Number_Cliques: 591
Clique_number: 3
Clustering: 0.00768
Edge_connectivity: 1
Betweeness: 0.003404
Centrality: 0.3388311
Communicability: 18050.1588401
Density: 0.0034888
Diameter: 5.0
Eccentricity: 4.0
Pagerank: 0
Radius: 3.0
Square_clustering: 0.0001673
