Size: 332
Order: 303
Assortativity: -0.6695125
Transitivity: 0.00486
Degree: 0.0072564
Coreness: 1.0
Number_Triangles: 0.0
Number_Cliques: 307
Clique_number: 3
Clustering: 0.0634767
Edge_connectivity: 1
Betweeness: 0.0088591
Centrality: 0.2782045
Communicability: 276.7624073
Density: 0.0072564
Diameter: 6.0
Eccentricity: 5.0
Pagerank: 0
Radius: 4.0
Square_clustering: 0.0167667
