Size: 113
Order: 113
Assortativity: -0.9830637
Transitivity: 0.00048
Degree: 0.0178571
Coreness: 1.0
Number_Triangles: 0.0
Number_Cliques: 111
Clique_number: 3
Clustering: 0.0177005
Edge_connectivity: 1
Betweeness: 0.0088481
Centrality: 0.5066871
Communicability: 353.636879
Density: 0.0178571
Diameter: 2.0
Eccentricity: 1.0
Pagerank: 0
Radius: 1.0
Square_clustering: 0.0
