Size: 582
Order: 563
Assortativity: -0.859071
Transitivity: 3e-05
Degree: 0.0036788
Coreness: 1.0
Number_Triangles: 0.0
Number_Cliques: 580
Clique_number: 3
Clustering: 0.0023683
Edge_connectivity: 1
Betweeness: 0.0032592
Centrality: 0.3589021
Communicability: 523199.783026
Density: 0.0036788
Diameter: 5.0
Eccentricity: 4.0
Pagerank: 0
Radius: 3.0
Square_clustering: 0.0026922
