Size: 354
Order: 300
Assortativity: -0.8481186
Transitivity: 0.00041
Degree: 0.007893
Coreness: 1.0
Number_Triangles: 0.0
Number_Cliques: 350
Clique_number: 3
Clustering: 0.0102789
Edge_connectivity: 1
Betweeness: 0.0067328
Centrality: 0.3375723
Communicability: 1803.2027702
Density: 0.007893
Diameter: 6.0
Eccentricity: 4.0
Pagerank: 0
Radius: 3.0
Square_clustering: 0.0051108
