Size: 119
Order: 112
Assortativity: -0.8203037
Transitivity: 0.0
Degree: 0.0191441
Coreness: 1.0
Number_Triangles: 0.0
Number_Cliques: 119
Clique_number: 2
Clustering: 0.0
Edge_connectivity: 1
Betweeness: 0.0174389
Centrality: 0.3484866
Communicability: 37.0595889
Density: 0.0191441
Diameter: 6.0
Eccentricity: 4.0
Pagerank: 0
Radius: 3.0
Square_clustering: 0.016326
