Size: 2324
Order: 2189
Assortativity: -0.7082295
Transitivity: 0.00012
Degree: 0.0009704
Coreness: 1.0
Number_Triangles: 0.0
Number_Cliques: 2269
Clique_number: 3
Clustering: 0.0207567
Edge_connectivity: 1
Betweeness: 0.0007309
Centrality: 0.3936903
Communicability: 2.8631732251e+14
Density: 0.0009704
Diameter: 5.0
Eccentricity: 3.0
Pagerank: 0
Radius: 3.0
Square_clustering: 0.0010143
