Size: 568
Order: 516
Assortativity: -0.458365
Transitivity: 0.00058
Degree: 0.0042749
Coreness: 1.0
Number_Triangles: 0.0
Number_Cliques: 555
Clique_number: 3
Clustering: 0.0115289
Edge_connectivity: 1
Betweeness: 0.0043097
Centrality: 0.3216926
Communicability: 87890.4265666
Density: 0.0042749
Diameter: 7.0
Eccentricity: 5.0
Pagerank: 0
Radius: 4.0
Square_clustering: 0.0025817
