Size: 1221
Order: 1143
Assortativity: -0.8241987
Transitivity: 0.0008
Degree: 0.0018708
Coreness: 1.0
Number_Triangles: 0.0
Number_Cliques: 1167
Clique_number: 4
Clustering: 0.0350562
Edge_connectivity: 1
