Size: 1232
Order: 1184
Assortativity: -0.9491112
Transitivity: 0.00036
Degree: 0.0017592
Coreness: 1.0
Number_Triangles: 0.0
Number_Cliques: 1185
Clique_number: 3
Clustering: 0.0380072
Edge_connectivity: 1
