Size: 371
Order: 342
Assortativity: -0.6903558
Transitivity: 0.00035
Degree: 0.0063624
Coreness: 1.0
Number_Triangles: 0.0
Number_Cliques: 365
Clique_number: 3
Clustering: 0.0098126
Edge_connectivity: 1
Betweeness: 0.0039377
Centrality: 0.436901
Communicability: 72727.1713783
Density: 0.0063624
Diameter: 4.0
Eccentricity: 3.0
Pagerank: 0
Radius: 3.0
Square_clustering: 0.0034564
