Size: 3684
Order: 2069
Assortativity: -0.5922985
Transitivity: 0.00868
Degree: 0.001722
Coreness: 1.0
Number_Triangles: 5.0
Number_Cliques: 2075
Clique_number: 8
Clustering: 0.2949525
Edge_connectivity: 1
Betweeness: 0.0007269
Centrality: 0.4031205
Communicability: 3.15788503053e+15
Density: 0.001722
Diameter: 5.0
Eccentricity: 3.0
Pagerank: 0
Radius: 3.0
Square_clustering: 0.0016081
