Size: 2621
Order: 2087
Assortativity: -0.5317899
Transitivity: 0.0021
Degree: 0.0012041
Coreness: 1.0
Number_Triangles: 0.0
Number_Cliques: 2217
Clique_number: 5
Clustering: 0.1329976
Edge_connectivity: 1
