Size: 1315
Order: 1260
Assortativity: -0.8866628
Transitivity: 0.00034
Degree: 0.0016579
Coreness: 1.0
Number_Triangles: 0.0
Number_Cliques: 1281
Clique_number: 3
Clustering: 0.0219601
Edge_connectivity: 1
