Size: 1330
Order: 1147
Assortativity: -0.7497703
Transitivity: 0.00341
Degree: 0.0020236
Coreness: 1.0
Number_Triangles: 0.0
Number_Cliques: 1169
Clique_number: 5
Clustering: 0.0985782
Edge_connectivity: 1
