Size: 1319
Order: 1218
Assortativity: -0.6419381
Transitivity: 0.00063
Degree: 0.0017797
Coreness: 1.0
Number_Triangles: 0.0
Number_Cliques: 1232
Clique_number: 4
Clustering: 0.0530944
Edge_connectivity: 1
