Size: 123
Order: 123
Assortativity: -0.9140835
Transitivity: 0.00044
Degree: 0.0163934
Coreness: 1.0
Number_Triangles: 0.0
Number_Cliques: 121
Clique_number: 3
Clustering: 0.0168022
Edge_connectivity: 1
Betweeness: 0.0087678
Centrality: 0.4897465
Communicability: 407.1774525
Density: 0.0163934
Diameter: 3.0
Eccentricity: 2.0
Pagerank: 0
Radius: 2.0
Square_clustering: 0.0
