Size: 2547
Order: 2413
Assortativity: -0.8936668
Transitivity: 2e-05
Degree: 0.0008752
Coreness: 1.0
Number_Triangles: 0.0
Number_Cliques: 2533
Clique_number: 3
Clustering: 0.0035439
Edge_connectivity: 1
Betweeness: 0.0007647
Centrality: 0.3563712
Communicability: 8.37882512518e+13
Density: 0.0008752
Diameter: 7.0
Eccentricity: 5.0
Pagerank: 0
Radius: 4.0
Square_clustering: 0.0010731
