Size: 1289
Order: 1132
Assortativity: -0.6080832
Transitivity: 0.00103
Degree: 0.0020136
Coreness: 1.0
Number_Triangles: 0.0
Number_Cliques: 1198
Clique_number: 3
Clustering: 0.0643354
Edge_connectivity: 1
