Size: 530
Order: 522
Assortativity: -0.9644638
Transitivity: 0.0002
Degree: 0.0038976
Coreness: 1.0
Number_Triangles: 0.0
Number_Cliques: 520
Clique_number: 3
Clustering: 0.017555
Edge_connectivity: 1
Betweeness: 0.0019228
Centrality: 0.5006666
Communicability: 15671673.9563
Density: 0.0038976
Diameter: 3.0
Eccentricity: 2.0
Pagerank: 0
Radius: 2.0
Square_clustering: 0.0040977
