Size: 457
Order: 353
Assortativity: -0.7731244
Transitivity: 0.01024
Degree: 0.0073558
Coreness: 1.0
Number_Triangles: 1.0
Number_Cliques: 358
Clique_number: 4
Clustering: 0.2095401
Edge_connectivity: 1
Betweeness: 0.0041153
Centrality: 0.4134815
Communicability: 47885.2103231
Density: 0.0073558
Diameter: 5.0
Eccentricity: 4.0
Pagerank: 0
Radius: 3.0
Square_clustering: 0.0021195
