Size: 3133
Order: 2069
Assortativity: -0.6621956
Transitivity: 0.00813
Degree: 0.0014645
Coreness: 1.0
Number_Triangles: 2.0
Number_Cliques: 2432
Clique_number: 6
Clustering: 0.2117828
Edge_connectivity: 1
Betweeness: 0.0009536
Centrality: 0.3401683
Communicability: 16976067608.1
Density: 0.0014645
Diameter: 6.0
Eccentricity: 4.0
Pagerank: 0
Radius: 3.0
Square_clustering: 0.0007631
