Size: 597
Order: 542
Assortativity: -0.829244
Transitivity: 0.0024
Degree: 0.004072
Coreness: 1.0
Number_Triangles: 0.0
Number_Cliques: 559
Clique_number: 3
Clustering: 0.0578716
Edge_connectivity: 1
Betweeness: 0.0039697
Centrality: 0.3199087
Communicability: 5456.9183586
Density: 0.004072
Diameter: 5.0
Eccentricity: 4.0
Pagerank: 0
Radius: 3.0
Square_clustering: 0.0031098
