Size: 334
Order: 317
Assortativity: -0.7839478
Transitivity: 0.00136
Degree: 0.0066685
Coreness: 1.0
Number_Triangles: 0.0
Number_Cliques: 318
Clique_number: 3
Clustering: 0.0441785
Edge_connectivity: 1
Betweeness: 0.0042473
Centrality: 0.43234
Communicability: 21498.5567282
Density: 0.0066685
Diameter: 4.0
Eccentricity: 3.0
Pagerank: 0
Radius: 2.0
Square_clustering: 0.0071895
