Size: 104
Order: 100
Assortativity: -0.8366817
Transitivity: 0.00627
Degree: 0.0210101
Coreness: 1.0
Number_Triangles: 0.0
Number_Cliques: 95
Clique_number: 3
Clustering: 0.0600379
Edge_connectivity: 1
Betweeness: 0.0199485
Centrality: 0.3424986
Communicability: 27.6864231
Density: 0.0210101
Diameter: 6.0
Eccentricity: 4.0
Pagerank: 0.01
Radius: 3.0
Square_clustering: 0.0021943
