Size: 308
Order: 302
Assortativity: -0.906895
Transitivity: 0.0005
Degree: 0.0067765
Coreness: 1.0
Number_Triangles: 0.0
Number_Cliques: 300
Clique_number: 3
Clustering: 0.0233309
Edge_connectivity: 1
Betweeness: 0.0035183
Centrality: 0.4894557
Communicability: 87623.2982325
Density: 0.0067765
Diameter: 3.0
Eccentricity: 2.0
Pagerank: 0
Radius: 2.0
Square_clustering: 0.0066716
