Size: 128
Order: 123
Assortativity: -0.6765668
Transitivity: 0.00078
Degree: 0.0170598
Coreness: 1.0
Number_Triangles: 0.0
Number_Cliques: 126
Clique_number: 3
Clustering: 0.0027325
Edge_connectivity: 1
Betweeness: 0.0132685
Centrality: 0.3921577
Communicability: 76.3702401
Density: 0.0170598
Diameter: 5.0
Eccentricity: 4.0
Pagerank: 0
Radius: 3.0
Square_clustering: 0.0051982
