Size: 2306
Order: 2174
Assortativity: -0.6694436
Transitivity: 0.0002
Degree: 0.0009763
Coreness: 1.0
Number_Triangles: 0.0
Number_Cliques: 2229
Clique_number: 3
Clustering: 0.0259215
Edge_connectivity: 1
Betweeness: 0.0007033
Centrality: 0.4061722
Communicability: 3.7315400066e+14
Density: 0.0009763
Diameter: 6.0
Eccentricity: 4.0
Pagerank: 0
Radius: 3.0
Square_clustering: 0.0006976
