Size: 1616
Order: 1049
Assortativity: -0.6978809
Transitivity: 0.0082
Degree: 0.0029399
Coreness: 1.0
Number_Triangles: 2.0
Number_Cliques: 1209
Clique_number: 5
Clustering: 0.2366236
Edge_connectivity: 1
Betweeness: 0.0016197
Centrality: 0.377314
Communicability: 3898311045.2
Density: 0.0029399
Diameter: 5.0
Eccentricity: 4.0
Pagerank: 0
Radius: 3.0
Square_clustering: 0.0013386
