Size: 380
Order: 378
Assortativity: -0.9167961
Transitivity: 0.0
Degree: 0.0053331
Coreness: 1.0
Number_Triangles: 0.0
Number_Cliques: 380
Clique_number: 2
Clustering: 0.0
Edge_connectivity: 1
Betweeness: 0.0030205
Centrality: 0.4755427
Communicability: 485137.844336
Density: 0.0053331
Diameter: 4.0
Eccentricity: 3.0
Pagerank: 0
Radius: 2.0
Square_clustering: 0.0026487
