Size: 2926
Order: 2174
Assortativity: -0.716251
Transitivity: 0.00386
Degree: 0.0012388
Coreness: 1.0
Number_Triangles: 1.0
Number_Cliques: 2328
Clique_number: 6
Clustering: 0.165665
Edge_connectivity: 1
