Size: 440
Order: 382
Assortativity: -0.9019902
Transitivity: 0.00039
Degree: 0.0060464
Coreness: 1.0
Number_Triangles: 0.0
Number_Cliques: 431
Clique_number: 3
Clustering: 0.014866
Edge_connectivity: 1
Betweeness: 0.0045009
Centrality: 0.3762474
Communicability: 46776.1505172
Density: 0.0060464
Diameter: 5.0
Eccentricity: 4.0
Pagerank: 0
Radius: 3.0
Square_clustering: 0.0046038
