Size: 1271
Order: 1267
Assortativity: -0.976901
Transitivity: 1e-05
Degree: 0.0015848
Coreness: 1.0
Number_Triangles: 0.0
Number_Cliques: 1268
Clique_number: 3
Clustering: 0.0013154
Edge_connectivity: 1
Betweeness: 0.0008128
Centrality: 0.4950231
Communicability: 1.94725615839e+12
Density: 0.0015848
Diameter: 5.0
Eccentricity: 4.0
Pagerank: 0
Radius: 3.0
Square_clustering: 0.0003576
