Size: 1552
Order: 1172
Assortativity: -0.6920871
Transitivity: 0.00482
Degree: 0.0022617
Coreness: 1.0
Number_Triangles: 1.0
Number_Cliques: 1222
Clique_number: 5
Clustering: 0.2057287
Edge_connectivity: 1
Betweeness: 0.0015636
Centrality: 0.3596789
Communicability: 836642579.87
Density: 0.0022617
Diameter: 5.0
Eccentricity: 4.0
Pagerank: 0
Radius: 3.0
Square_clustering: 0.0017022
