Size: 616
Order: 515
Assortativity: -0.7807209
Transitivity: 0.00282
Degree: 0.0046541
Coreness: 1.0
Number_Triangles: 0.0
Number_Cliques: 514
Clique_number: 4
Clustering: 0.183512
Edge_connectivity: 1
Betweeness: 0.0023024
Centrality: 0.4626171
Communicability: 7291146.02757
Density: 0.0046541
Diameter: 4.0
Eccentricity: 3.0
Pagerank: 0
Radius: 2.0
Square_clustering: 0.0056085
