Size: 124
Order: 117
Assortativity: -0.7661998
Transitivity: 0.00372
Degree: 0.0182729
Coreness: 1.0
Number_Triangles: 0.0
Number_Cliques: 119
Clique_number: 3
Clustering: 0.0229016
Edge_connectivity: 1
Betweeness: 0.0139956
Centrality: 0.3887781
Communicability: 48.1520614
Density: 0.0182729
Diameter: 4.0
Eccentricity: 3.0
Pagerank: 0
Radius: 2.0
Square_clustering: 0.0147757
