Size: 2531
Order: 2162
Assortativity: -0.6894316
Transitivity: 0.0004
Degree: 0.0010835
Coreness: 1.0
Number_Triangles: 0.0
Number_Cliques: 2407
Clique_number: 3
Clustering: 0.0452556
Edge_connectivity: 1
