Size: 2147
Order: 2038
Assortativity: -0.6738681
Transitivity: 7e-05
Degree: 0.0010343
Coreness: 1.0
Number_Triangles: 0.0
Number_Cliques: 2114
Clique_number: 3
Clustering: 0.0114302
Edge_connectivity: 1
Betweeness: 0.0007324
Centrality: 0.413238
Communicability: 2.63099820213e+14
Density: 0.0010343
Diameter: 5.0
Eccentricity: 4.0
Pagerank: 0
Radius: 3.0
Square_clustering: 0.0010948
