Size: 807
Order: 503
Assortativity: -0.69468
Transitivity: 0.00044
Degree: 0.0063919
Coreness: 1.0
Number_Triangles: 0.0
Number_Cliques: 792
Clique_number: 3
Clustering: 0.0083421
Edge_connectivity: 1
Betweeness: 0.0033581
Centrality: 0.3810373
Communicability: 5865742.52795
Density: 0.0063919
Diameter: 5.0
Eccentricity: 4.0
Pagerank: 0
Radius: 3.0
Square_clustering: 0.0132127
