Size: 3204
Order: 2191
Assortativity: -0.6400434
Transitivity: 0.009
Degree: 0.0013355
Coreness: 1.0
Number_Triangles: 2.0
Number_Cliques: 2663
Clique_number: 6
Clustering: 0.1400896
Edge_connectivity: 1
