Size: 1165
Order: 1049
Assortativity: -0.8562718
Transitivity: 0.00096
Degree: 0.0021194
Coreness: 1.0
Number_Triangles: 0.0
Number_Cliques: 1047
Clique_number: 4
Clustering: 0.1039824
Edge_connectivity: 1
Betweeness: 0.0012895
Centrality: 0.4286102
Communicability: 2776913447.9
Density: 0.0021194
Diameter: 3.0
Eccentricity: 2.0
Pagerank: 0
Radius: 2.0
Square_clustering: 11.7874792
