Size: 2933
Order: 2114
Assortativity: -0.4125056
Transitivity: 0.00621
Degree: 0.0013132
Coreness: 1.0
Number_Triangles: 1.0
Number_Cliques: 2331
Clique_number: 7
Clustering: 0.1427245
Edge_connectivity: 1
Betweeness: 0.0010331
Centrality: 0.3198065
Communicability: 5901022047.91
Density: 0.0013132
Diameter: 8.0
Eccentricity: 6.0
Pagerank: 0
Radius: 4.0
Square_clustering: 0.003822
