Size: 743
Order: 634
Assortativity: -0.528772
Transitivity: 0.00349
Degree: 0.0037028
Coreness: 1.0
Number_Triangles: 0.0
Number_Cliques: 654
Clique_number: 4
Clustering: 0.0967128
Edge_connectivity: 1
Betweeness: 0.0027883
Centrality: 0.3697104
Communicability: 789724.539546
Density: 0.0037028
Diameter: 5.0
Eccentricity: 4.0
Pagerank: 0
Radius: 3.0
Square_clustering: 0.0014419
