Size: 417
Order: 336
Assortativity: -0.65353
Transitivity: 0.00345
Degree: 0.0074094
Coreness: 1.0
Number_Triangles: 0.0
Number_Cliques: 382
Clique_number: 3
Clustering: 0.0322687
Edge_connectivity: 1
Betweeness: 0.0065409
Centrality: 0.3184246
Communicability: 839.1793827
Density: 0.0074094
Diameter: 6.0
Eccentricity: 4.0
Pagerank: 0
Radius: 3.0
Square_clustering: 0.0053877
