Size: 359
Order: 357
Assortativity: -0.9243465
Transitivity: 5e-05
Degree: 0.0056495
Coreness: 1.0
Number_Triangles: 0.0
Number_Cliques: 357
Clique_number: 3
Clustering: 0.0037707
Edge_connectivity: 1
Betweeness: 0.0029833
Centrality: 0.4885889
Communicability: 318374.115977
Density: 0.0056495
Diameter: 3.0
Eccentricity: 2.0
Pagerank: 0
Radius: 2.0
Square_clustering: 0.0088865
