Size: 375
Order: 353
Assortativity: -0.7751517
Transitivity: 0.00229
Degree: 0.0060359
Coreness: 1.0
Number_Triangles: 0.0
Number_Cliques: 355
Clique_number: 3
Clustering: 0.0473857
Edge_connectivity: 1
Betweeness: 0.005732
Centrality: 0.3403861
Communicability: 2688.0137225
Density: 0.0060359
Diameter: 7.0
Eccentricity: 5.0
Pagerank: 0
Radius: 4.0
Square_clustering: 0.0014152
