Size: 361
Order: 336
Assortativity: -0.7711495
Transitivity: 0.00246
Degree: 0.0064144
Coreness: 1.0
Number_Triangles: 0.0
Number_Cliques: 335
Clique_number: 4
Clustering: 0.0511907
Edge_connectivity: 1
Betweeness: 0.0040263
Centrality: 0.4305951
Communicability: 29603.6634388
Density: 0.0064144
Diameter: 4.0
Eccentricity: 3.0
Pagerank: 0
Radius: 2.0
Square_clustering: 0.0192318
