Size: 375
Order: 305
Assortativity: -0.6518284
Transitivity: 0.00851
Degree: 0.0080889
Coreness: 1.0
Number_Triangles: 0.0
Number_Cliques: 314
Clique_number: 4
Clustering: 0.1434278
Edge_connectivity: 1
Betweeness: 0.0053116
Centrality: 0.3899954
Communicability: 6589.8166482
Density: 0.0080889
Diameter: 4.0
Eccentricity: 3.0
Pagerank: 0
Radius: 3.0
Square_clustering: 0.0048582
