Size: 589
Order: 589
Assortativity: -0.9966331
Transitivity: 2e-05
Degree: 0.0034014
Coreness: 1.0
Number_Triangles: 0.0
Number_Cliques: 587
Clique_number: 3
Clustering: 0.0033956
Edge_connectivity: 1
Betweeness: 0.0016978
Centrality: 0.5012752
Communicability: 57774541.104
Density: 0.0034014
Diameter: 2.0
Eccentricity: 1.0
Pagerank: 0
Radius: 1.0
Square_clustering: 0.0
