Size: 657
Order: 647
Assortativity: -0.8223922
Transitivity: 9e-05
Degree: 0.0031438
Coreness: 1.0
Number_Triangles: 0.0
Number_Cliques: 651
Clique_number: 3
Clustering: 0.0046703
Edge_connectivity: 1
Betweeness: 0.0020186
Centrality: 0.4451154
Communicability: 47873895.0248
Density: 0.0031438
Diameter: 4.0
Eccentricity: 3.0
Pagerank: 0
Radius: 2.0
Square_clustering: 0.0007567
