Size: 132
Order: 129
Assortativity: -0.7931841
Transitivity: 0.00248
Degree: 0.0159884
Coreness: 1.0
Number_Triangles: 0.0
Number_Cliques: 126
Clique_number: 3
Clustering: 0.0388072
Edge_connectivity: 1
Betweeness: 0.0110585
Centrality: 0.4210039
Communicability: 123.4434733
Density: 0.0159884
Diameter: 4.0
Eccentricity: 3.0
Pagerank: 0
Radius: 2.0
Square_clustering: 0.0078284
