Size: 379
Order: 368
Assortativity: -0.8656393
Transitivity: 0.00055
Degree: 0.0056125
Coreness: 1.0
Number_Triangles: 0.0
Number_Cliques: 367
Clique_number: 3
Clustering: 0.0299484
Edge_connectivity: 1
Betweeness: 0.0030007
Centrality: 0.4803797
Communicability: 341543.609017
Density: 0.0056125
Diameter: 3.0
Eccentricity: 2.0
Pagerank: 0
Radius: 2.0
Square_clustering: 0.0100198
