Size: 343
Order: 321
Assortativity: -0.774924
Transitivity: 0.0026
Degree: 0.0066783
Coreness: 1.0
Number_Triangles: 0.0
Number_Cliques: 318
Clique_number: 3
Clustering: 0.0717006
Edge_connectivity: 1
Betweeness: 0.0049357
Centrality: 0.3935227
Communicability: 6045.030655
Density: 0.0066783
Diameter: 4.0
Eccentricity: 3.0
Pagerank: 0
Radius: 2.0
Square_clustering: 0.0063694
