Size: 426
Order: 323
Assortativity: -0.6748507
Transitivity: 0.00953
Degree: 0.0081918
Coreness: 1.0
Number_Triangles: 1.0
Number_Cliques: 325
Clique_number: 4
Clustering: 0.2554116
Edge_connectivity: 1
Betweeness: 0.0041666
Centrality: 0.4338006
Communicability: 102069.30195
Density: 0.0081918
Diameter: 4.0
Eccentricity: 3.0
Pagerank: 0
Radius: 2.0
Square_clustering: 0.005208
