Size: 616
Order: 616
Assortativity: -0.9967795
Transitivity: 2e-05
Degree: 0.003252
Coreness: 1.0
Number_Triangles: 0.0
Number_Cliques: 614
Clique_number: 3
Clustering: 0.0032468
Edge_connectivity: 1
Betweeness: 0.0016234
Centrality: 0.5012192
Communicability: 95787307.2775
Density: 0.003252
Diameter: 2.0
Eccentricity: 1.0
Pagerank: 0
Radius: 1.0
Square_clustering: 0.0
