Size: 2488
Order: 2127
Assortativity: -0.6807047
Transitivity: 0.0014
Degree: 0.0011004
Coreness: 1.0
Number_Triangles: 0.0
Number_Cliques: 2161
Clique_number: 5
Clustering: 0.1154419
Edge_connectivity: 1
Betweeness: 0.0008229
Centrality: 0.3687791
Communicability: 209444914719.0
Density: 0.0011004
Diameter: 5.0
Eccentricity: 4.0
Pagerank: 0
Radius: 3.0
Square_clustering: 0.000958
