Size: 560
Order: 378
Assortativity: -0.6435458
Transitivity: 0.01823
Degree: 0.0078593
Coreness: 1.0
Number_Triangles: 1.0
Number_Cliques: 480
Clique_number: 4
Clustering: 0.1107972
Edge_connectivity: 1
Betweeness: 0.0052664
Centrality: 0.3435434
Communicability: 15422.8926445
Density: 0.0078593
Diameter: 6.0
Eccentricity: 5.0
Pagerank: 0
Radius: 3.0
Square_clustering: 0.0043595
