Size: 394
Order: 383
Assortativity: -0.8892862
Transitivity: 0.00066
Degree: 0.005386
Coreness: 1.0
Number_Triangles: 0.0
Number_Cliques: 384
Clique_number: 3
Clustering: 0.0235017
Edge_connectivity: 1
Betweeness: 0.0037656
Centrality: 0.4126774
Communicability: 19614.8691674
Density: 0.005386
Diameter: 3.0
Eccentricity: 2.0
Pagerank: 0
Radius: 2.0
Square_clustering: 0.0135818
