Size: 938
Order: 532
Assortativity: -0.6289365
Transitivity: 0.01709
Degree: 0.0066409
Coreness: 1.0
Number_Triangles: 3.0
Number_Cliques: 613
Clique_number: 5
Clustering: 0.3795516
Edge_connectivity: 1
Betweeness: 0.0030264
Centrality: 0.3946592
Communicability: 55223393.5128
Density: 0.0066409
Diameter: 7.0
Eccentricity: 5.0
Pagerank: 0
Radius: 4.0
Square_clustering: 0.0081803
