Size: 735
Order: 300
Assortativity: -0.521463
Transitivity: 0.10854
Degree: 0.016388
Coreness: 2.0
Number_Triangles: 7.0
Number_Cliques: 533
Clique_number: 6
Clustering: 0.1789826
Edge_connectivity: 1
Betweeness: 0.0065817
Centrality: 0.3438765
Communicability: 281236.976527
Density: 0.016388
Diameter: 6.0
Eccentricity: 4.0
Pagerank: 0.0033333
Radius: 4.0
Square_clustering: 0.0205357
