Size: 5013
Order: 2153
Assortativity: -0.4686527
Transitivity: 0.05144
Degree: 0.0021639
Coreness: 2.0
Number_Triangles: 14.0
Number_Cliques: 4266
Clique_number: 10
Clustering: 0.2090523
Edge_connectivity: 1
Betweeness: 0.0009939
Centrality: 0.3224532
Communicability: 3.63628819348e+15
Density: 0.0021639
Diameter: 7.0
Eccentricity: 5.0
Pagerank: 0
Radius: 4.0
Square_clustering: 0.0050918
