Size: 1122
Order: 1010
Assortativity: -0.9235242
Transitivity: 0.00127
Degree: 0.002202
Coreness: 1.0
Number_Triangles: 0.0
Number_Cliques: 1009
Clique_number: 4
Clustering: 0.0964737
Edge_connectivity: 1
Betweeness: 0.0014421
Centrality: 0.4103781
Communicability: 156131793.183
Density: 0.002202
Diameter: 5.0
Eccentricity: 4.0
Pagerank: 0
Radius: 3.0
Square_clustering: 0.0017375
