Size: 384
Order: 384
Assortativity: -0.9847628
Transitivity: 4e-05
Degree: 0.0052219
Coreness: 1.0
Number_Triangles: 0.0
Number_Cliques: 382
Clique_number: 3
Clustering: 0.0030382
Edge_connectivity: 1
Betweeness: 0.0026311
Centrality: 0.4997949
Communicability: 783476.145265
Density: 0.0052219
Diameter: 3.0
Eccentricity: 2.0
Pagerank: 0
Radius: 2.0
Square_clustering: 0.0
