Size: 541
Order: 503
Assortativity: -0.7409924
Transitivity: 0.00076
Degree: 0.004285
Coreness: 1.0
Number_Triangles: 0.0
Number_Cliques: 517
Clique_number: 4
Clustering: 0.0287617
Edge_connectivity: 1
Betweeness: 0.0026368
Centrality: 0.4405088
Communicability: 2726962.85226
Density: 0.004285
Diameter: 4.0
Eccentricity: 3.0
Pagerank: 0
Radius: 2.0
Square_clustering: 0.0017909
