Size: 2838
Order: 2346
Assortativity: -0.6343707
Transitivity: 0.00224
Degree: 0.0010317
Coreness: 1.0
Number_Triangles: 0.0
Number_Cliques: 2446
Clique_number: 5
Clustering: 0.118627
Edge_connectivity: 1
Betweeness: 0.0008183
Centrality: 0.3474516
Communicability: 36295625698.4
Density: 0.0010317
Diameter: 7.0
Eccentricity: 5.0
Pagerank: 0
Radius: 4.0
Square_clustering: 0.00039
