Size: 113
Order: 107
Assortativity: -0.7919156
Transitivity: 0.00179
Degree: 0.0199259
Coreness: 1.0
Number_Triangles: 0.0
Number_Cliques: 109
Clique_number: 3
Clustering: 0.0233845
Edge_connectivity: 1
Betweeness: 0.0164261
Centrality: 0.3747025
Communicability: 60.5379422
Density: 0.0199259
Diameter: 4.0
Eccentricity: 3.0
Pagerank: 0
Radius: 2.0
Square_clustering: 0.0055439
