Size: 1531
Order: 1022
Assortativity: -0.5828013
Transitivity: 0.00768
Degree: 0.0029345
Coreness: 1.0
Number_Triangles: 1.0
Number_Cliques: 1153
Clique_number: 5
Clustering: 0.2106732
Edge_connectivity: 1
Betweeness: 0.0018657
Centrality: 0.3503549
Communicability: 174339147.972
Density: 0.0029345
Diameter: 5.0
Eccentricity: 4.0
Pagerank: 0
Radius: 3.0
Square_clustering: 0.0046743
