Size: 2432
Order: 1140
Assortativity: -0.4076422
Transitivity: 0.03029
Degree: 0.003746
Coreness: 2.0
Number_Triangles: 7.0
Number_Cliques: 1540
Clique_number: 8
Clustering: 0.3046053
Edge_connectivity: 1
Betweeness: 0.001859
Centrality: 0.3296252
Communicability: 125546360762.0
Density: 0.003746
Diameter: 8.0
Eccentricity: 6.0
Pagerank: 0
Radius: 4.0
Square_clustering: 0.0088046
