Size: 2386
Order: 2164
Assortativity: -0.9623857
Transitivity: 0.00047
Degree: 0.0010195
Coreness: 1.0
Number_Triangles: 0.0
Number_Cliques: 2160
Clique_number: 4
Clustering: 0.1026651
Edge_connectivity: 1
Betweeness: 0.0006521
Centrality: 0.4176113
Communicability: 2.48333713735e+13
Density: 0.0010195
Diameter: 7.0
Eccentricity: 6.0
Pagerank: 0
Radius: 4.0
Square_clustering: 0.0014796
