Size: 710
Order: 630
Assortativity: -0.6272492
Transitivity: 0.00133
Degree: 0.0035834
Coreness: 1.0
Number_Triangles: 0.0
Number_Cliques: 664
Clique_number: 4
Clustering: 0.0413504
Edge_connectivity: 1
Betweeness: 0.0028633
Centrality: 0.3654378
Communicability: 2070565.33262
Density: 0.0035834
Diameter: 4.0
Eccentricity: 3.0
Pagerank: 0
Radius: 2.0
Square_clustering: 0.0008096
