Size: 199
Order: 129
Assortativity: -0.7245556
Transitivity: 0.02734
Degree: 0.0241037
Coreness: 1.0
Number_Triangles: 1.0
Number_Cliques: 171
Clique_number: 4
Clustering: 0.0913187
Edge_connectivity: 1
Betweeness: 0.0123241
Centrality: 0.3971295
Communicability: 474.2911303
Density: 0.0241037
Diameter: 4.0
Eccentricity: 3.0
Pagerank: 0.0077519
Radius: 3.0
Square_clustering: 0.025654
