Size: 1048
Order: 1014
Assortativity: -0.8475562
Transitivity: 7e-05
Degree: 0.0020405
Coreness: 1.0
Number_Triangles: 0.0
Number_Cliques: 1039
Clique_number: 3
Clustering: 0.0052856
Edge_connectivity: 1
Betweeness: 0.0011729
Centrality: 0.4651519
Communicability: 24575950696.2
Density: 0.0020405
Diameter: 4.0
Eccentricity: 3.0
Pagerank: 0
Radius: 2.0
Square_clustering: 0.0027398
