Size: 2309
Order: 1008
Assortativity: -0.65998
Transitivity: 0.03114
Degree: 0.0045495
Coreness: 2.0
Number_Triangles: 8.0
Number_Cliques: 1360
Clique_number: 7
Clustering: 0.3440769
Edge_connectivity: 1
Betweeness: 0.0016613
Centrality: 0.378806
Communicability: 517425190029.0
Density: 0.0045495
Diameter: 5.0
Eccentricity: 4.0
Pagerank: 0
Radius: 3.0
Square_clustering: 0.0054478
