Size: 599
Order: 557
Assortativity: -0.6217968
Transitivity: 0.00059
Degree: 0.0038684
Coreness: 1.0
Number_Triangles: 0.0
Number_Cliques: 583
Clique_number: 3
Clustering: 0.0153182
Edge_connectivity: 1
Betweeness: 0.002878
Centrality: 0.3954729
Communicability: 1457869.27351
Density: 0.0038684
Diameter: 5.0
Eccentricity: 4.0
Pagerank: 0
Radius: 3.0
Square_clustering: 0.0066649
