Size: 1390
Order: 1054
Assortativity: -0.7765367
Transitivity: 0.00652
Degree: 0.0025048
Coreness: 1.0
Number_Triangles: 1.0
Number_Cliques: 1138
Clique_number: 5
Clustering: 0.1567768
Edge_connectivity: 1
Betweeness: 0.0017381
Centrality: 0.3564243
Communicability: 6163327.32529
Density: 0.0025048
Diameter: 4.0
Eccentricity: 3.0
Pagerank: 0
Radius: 3.0
Square_clustering: 0.0034252
