Size: 754
Order: 610
Assortativity: -0.5834015
Transitivity: 0.00511
Degree: 0.0040593
Coreness: 1.0
Number_Triangles: 0.0
Number_Cliques: 625
Clique_number: 4
Clustering: 0.1329431
Edge_connectivity: 1
Betweeness: 0.0025467
Centrality: 0.4011208
Communicability: 4474772.54132
Density: 0.0040593
Diameter: 5.0
Eccentricity: 4.0
Pagerank: 0
Radius: 3.0
Square_clustering: 0.0014951
