Size: 139
Order: 112
Assortativity: -0.966023
Transitivity: 0.0
Degree: 0.0223616
Coreness: 1.0
Number_Triangles: 0.0
Number_Cliques: 139
Clique_number: 2
Clustering: 0.0
Edge_connectivity: 1
Betweeness: 0.0138397
Centrality: 0.4059066
Communicability: 191.1651354
Density: 0.0223616
Diameter: 5.0
Eccentricity: 4.0
Pagerank: 0
Radius: 3.0
Square_clustering: 0.0218534
