Size: 1313
Order: 1154
Assortativity: -0.8104544
Transitivity: 0.00077
Degree: 0.0019736
Coreness: 1.0
Number_Triangles: 0.0
Number_Cliques: 1276
Clique_number: 3
Clustering: 0.0159824
Edge_connectivity: 1
Betweeness: 0.0019144
Centrality: 0.3144376
Communicability: 4507459.17746
Density: 0.0019736
Diameter: 5.0
Eccentricity: 4.0
Pagerank: 0
Radius: 3.0
Square_clustering: 0.0009767
