Size: 1064
Order: 1055
Assortativity: -0.8359013
Transitivity: 0.0
Degree: 0.0019137
Coreness: 1.0
Number_Triangles: 0.0
Number_Cliques: 1064
Clique_number: 2
Clustering: 0.0
Edge_connectivity: 1
Betweeness: 0.0012869
Centrality: 0.4369507
Communicability: 23066469600.3
Density: 0.0019137
Diameter: 6.0
Eccentricity: 4.0
Pagerank: 0
Radius: 3.0
Square_clustering: 0.0009963
