Size: 671
Order: 553
Assortativity: -0.5701316
Transitivity: 0.0033
Degree: 0.0043963
Coreness: 1.0
Number_Triangles: 0.0
Number_Cliques: 610
Clique_number: 3
Clustering: 0.0871323
Edge_connectivity: 1
Betweeness: 0.0032098
Centrality: 0.3698001
Communicability: 392799.454729
Density: 0.0043963
Diameter: 6.0
Eccentricity: 4.0
Pagerank: 0
Radius: 3.0
Square_clustering: 0.005485
