Size: 153
Order: 119
Assortativity: -0.6023682
Transitivity: 0.01846
Degree: 0.0217918
Coreness: 1.0
Number_Triangles: 0.0
Number_Cliques: 131
Clique_number: 4
Clustering: 0.0959379
Edge_connectivity: 1
Betweeness: 0.011392
Centrality: 0.4368699
Communicability: 198.4828565
Density: 0.0217918
Diameter: 4.0
Eccentricity: 3.0
Pagerank: 0
Radius: 2.0
Square_clustering: 0.0257895
