Size: 1038
Order: 542
Assortativity: -0.6502607
Transitivity: 0.03073
Degree: 0.00708
Coreness: 2.0
Number_Triangles: 4.0
Number_Cliques: 610
Clique_number: 6
Clustering: 0.3521893
Edge_connectivity: 1
Betweeness: 0.003085
Centrality: 0.3819835
Communicability: 47911237.3452
Density: 0.00708
Diameter: 4.0
Eccentricity: 3.0
Pagerank: 0
Radius: 2.0
Square_clustering: 0.0064608
