Size: 1374
Order: 1114
Assortativity: -0.6520517
Transitivity: 0.00329
Degree: 0.0022163
Coreness: 1.0
Number_Triangles: 0.0
Number_Cliques: 1219
Clique_number: 5
Clustering: 0.0854029
Edge_connectivity: 1
Betweeness: 0.0015291
Centrality: 0.3763921
Communicability: 107171539.195
Density: 0.0022163
Diameter: 6.0
Eccentricity: 4.0
Pagerank: 0
Radius: 3.0
Square_clustering: 0.0017533
