Size: 673
Order: 631
Assortativity: -0.8772157
Transitivity: 0.00107
Degree: 0.0033859
Coreness: 1.0
Number_Triangles: 0.0
Number_Cliques: 629
Clique_number: 3
Clustering: 0.0681489
Edge_connectivity: 1
Betweeness: 0.0022234
Centrality: 0.4198682
Communicability: 2461405.98088
Density: 0.0033859
Diameter: 4.0
Eccentricity: 3.0
Pagerank: 0
Radius: 2.0
Square_clustering: 0.002136
