Size: 1580
Order: 1001
Assortativity: -0.431582
Transitivity: 0.01196
Degree: 0.0031568
Coreness: 1.0
Number_Triangles: 2.0
Number_Cliques: 1137
Clique_number: 5
Clustering: 0.2243773
Edge_connectivity: 1
Betweeness: 0.001725
Centrality: 0.3753078
Communicability: 986051885.185
Density: 0.0031568
Diameter: 6.0
Eccentricity: 4.0
Pagerank: 0
Radius: 3.0
Square_clustering: 0.0021795
