Size: 119
Order: 109
Assortativity: -0.905814
Transitivity: 0.00092
Degree: 0.0202175
Coreness: 1.0
Number_Triangles: 0.0
Number_Cliques: 117
Clique_number: 3
Clustering: 0.0061209
Edge_connectivity: 1
Betweeness: 0.0168339
Centrality: 0.3629651
Communicability: 46.0611953
Density: 0.0202175
Diameter: 5.0
Eccentricity: 4.0
Pagerank: 0
Radius: 3.0
Square_clustering: 0.0277933
