Size: 1315
Order: 1064
Assortativity: -0.5774308
Transitivity: 0.00163
Degree: 0.0023253
Coreness: 1.0
Number_Triangles: 0.0
Number_Cliques: 1223
Clique_number: 4
Clustering: 0.0480213
Edge_connectivity: 1
Betweeness: 0.0020605
Centrality: 0.3201402
Communicability: 17067910.2349
Density: 0.0023253
Diameter: 7.0
Eccentricity: 5.0
Pagerank: 0
Radius: 4.0
Square_clustering: 0.0048228
