Size: 1293
Order: 554
Assortativity: -0.6322465
Transitivity: 0.08835
Degree: 0.008441
Coreness: 2.0
Number_Triangles: 9.0
Number_Cliques: 867
Clique_number: 7
Clustering: 0.2451534
Edge_connectivity: 1
Betweeness: 0.0044549
Centrality: 0.294927
Communicability: 66681291.7184
Density: 0.008441
Diameter: 6.0
Eccentricity: 5.0
Pagerank: 0.0018051
Radius: 3.0
Square_clustering: 0.0249167
