Size: 359
Order: 326
Assortativity: -0.6644065
Transitivity: 0.00269
Degree: 0.0067768
Coreness: 1.0
Number_Triangles: 0.0
Number_Cliques: 333
Clique_number: 3
Clustering: 0.0596707
Edge_connectivity: 1
Betweeness: 0.004383
Centrality: 0.4202642
Communicability: 22008.3674119
Density: 0.0067768
Diameter: 5.0
Eccentricity: 4.0
Pagerank: 0
Radius: 3.0
Square_clustering: 0.0022955
