Size: 1189
Order: 573
Assortativity: -0.6369885
Transitivity: 0.02073
Degree: 0.0072554
Coreness: 2.0
Number_Triangles: 5.0
Number_Cliques: 759
Clique_number: 5
Clustering: 0.4152853
Edge_connectivity: 1
Betweeness: 0.0024408
Centrality: 0.4236832
Communicability: 992424189.106
Density: 0.0072554
Diameter: 4.0
Eccentricity: 3.0
Pagerank: 0
Radius: 2.0
Square_clustering: 0.0068795
