Size: 512
Order: 314
Assortativity: -0.6470688
Transitivity: 0.02778
Degree: 0.010419
Coreness: 1.0
Number_Triangles: 1.0
Number_Cliques: 424
Clique_number: 4
Clustering: 0.1763243
Edge_connectivity: 1
Betweeness: 0.0065171
Centrality: 0.336418
Communicability: 9548.302204
Density: 0.010419
Diameter: 5.0
Eccentricity: 4.0
Pagerank: 0.0031847
Radius: 3.0
Square_clustering: 0.0092964
