Size: 339
Order: 303
Assortativity: -0.793972
Transitivity: 0.00307
Degree: 0.0074094
Coreness: 1.0
Number_Triangles: 0.0
Number_Cliques: 301
Clique_number: 3
Clustering: 0.1210525
Edge_connectivity: 1
Betweeness: 0.0040255
Centrality: 0.4568843
Communicability: 46008.4631539
Density: 0.0074094
Diameter: 4.0
Eccentricity: 3.0
Pagerank: 0
Radius: 2.0
Square_clustering: 0.0094421
