Size: 3600
Order: 2166
Assortativity: -0.338084
Transitivity: 0.01314
Degree: 0.0015354
Coreness: 1.0
Number_Triangles: 4.0
Number_Cliques: 2687
Clique_number: 7
Clustering: 0.1562535
Edge_connectivity: 1
Betweeness: 0.0009871
Centrality: 0.3247072
Communicability: 54258400209.8
Density: 0.0015354
Diameter: 8.0
Eccentricity: 6.0
Pagerank: 0
Radius: 4.0
Square_clustering: 0.0032934
