Size: 109
Order: 100
Assortativity: -0.6426516
Transitivity: 0.00995
Degree: 0.0220202
Coreness: 1.0
Number_Triangles: 0.0
Number_Cliques: 100
Clique_number: 3
Clustering: 0.0497485
Edge_connectivity: 1
Betweeness: 0.0149619
Centrality: 0.4161456
Communicability: 73.6974864
Density: 0.0220202
Diameter: 4.0
Eccentricity: 3.0
Pagerank: 0
Radius: 2.0
Square_clustering: 0.0040286
