Size: 2708
Order: 2301
Assortativity: -0.5458801
Transitivity: 0.00158
Degree: 0.0010234
Coreness: 1.0
Number_Triangles: 0.0
Number_Cliques: 2415
Clique_number: 4
Clustering: 0.0904707
Edge_connectivity: 1
Betweeness: 0.000951
Centrality: 0.3180991
Communicability: 10535456912.4
Density: 0.0010234
Diameter: 6.0
Eccentricity: 4.0
Pagerank: 0
Radius: 3.0
Square_clustering: 0.0016477
