Size: 110
Order: 110
Assortativity: -0.9658636
Transitivity: 0.00052
Degree: 0.0183486
Coreness: 1.0
Number_Triangles: 0.0
Number_Cliques: 108
Clique_number: 3
Clustering: 0.0121228
Edge_connectivity: 1
Betweeness: 0.0092531
Centrality: 0.5030907
Communicability: 300.6484428
Density: 0.0183486
Diameter: 3.0
Eccentricity: 2.0
Pagerank: 0
Radius: 2.0
Square_clustering: 0.0
