Size: 120
Order: 115
Assortativity: -0.7434431
Transitivity: 0.00176
Degree: 0.0183066
Coreness: 1.0
Number_Triangles: 0.0
Number_Cliques: 116
Clique_number: 3
Clustering: 0.0194648
Edge_connectivity: 1
Betweeness: 0.0165718
Centrality: 0.3576271
Communicability: 57.2804477
Density: 0.0183066
Diameter: 6.0
Eccentricity: 4.0
Pagerank: 0
Radius: 3.0
Square_clustering: 0.0105174
