Size: 2453
Order: 2155
Assortativity: -0.537396
Transitivity: 0.00099
Degree: 0.0010569
Coreness: 1.0
Number_Triangles: 0.0
Number_Cliques: 2233
Clique_number: 5
Clustering: 0.0641247
Edge_connectivity: 1
Betweeness: 0.0008361
Centrality: 0.3649888
Communicability: 2.48772978403e+12
Density: 0.0010569
Diameter: 8.0
Eccentricity: 5.0
Pagerank: 0
Radius: 4.0
Square_clustering: 0.0002088
