Size: 1656
Order: 1233
Assortativity: -0.7178277
Transitivity: 0.00377
Degree: 0.0021803
Coreness: 1.0
Number_Triangles: 0.0
Number_Cliques: 1371
Clique_number: 4
Clustering: 0.1889498
Edge_connectivity: 1
Betweeness: 0.0017448
Centrality: 0.3223292
Communicability: 476272902.172
Density: 0.0021803
Diameter: 6.0
Eccentricity: 4.0
Pagerank: 0
Radius: 3.0
Square_clustering: 0.0028395
