Size: 1308
Order: 1235
Assortativity: -0.6873055
Transitivity: 7e-05
Degree: 0.0017165
Coreness: 1.0
Number_Triangles: 0.0
Number_Cliques: 1297
Clique_number: 3
Clustering: 0.0032398
Edge_connectivity: 1
Betweeness: 0.0014655
Centrality: 0.3658189
Communicability: 9181631745.2
Density: 0.0017165
Diameter: 6.0
Eccentricity: 5.0
Pagerank: 0
Radius: 3.0
Square_clustering: 0.0014276
