Size: 638
Order: 618
Assortativity: -0.8153056
Transitivity: 0.00021
Degree: 0.0033464
Coreness: 1.0
Number_Triangles: 0.0
Number_Cliques: 626
Clique_number: 4
Clustering: 0.0087438
Edge_connectivity: 1
Betweeness: 0.0021022
Centrality: 0.4469114
Communicability: 33727324.9094
Density: 0.0033464
Diameter: 4.0
Eccentricity: 3.0
Pagerank: 0
Radius: 2.0
Square_clustering: 0.0010296
