Size: 103
Order: 101
Assortativity: -0.8018007
Transitivity: 0.00245
Degree: 0.020396
Coreness: 1.0
Number_Triangles: 0.0
Number_Cliques: 99
Clique_number: 3
Clustering: 0.0298678
Edge_connectivity: 1
Betweeness: 0.0124552
Centrality: 0.4542262
Communicability: 103.001043
Density: 0.020396
Diameter: 3.0
Eccentricity: 2.0
Pagerank: 0
Radius: 2.0
Square_clustering: 0.0198483
