Size: 2428
Order: 2425
Assortativity: -0.996724
Transitivity: 0.0
Degree: 0.0008261
Coreness: 1.0
Number_Triangles: 0.0
Number_Cliques: 2423
Clique_number: 3
Clustering: 0.0018144
Edge_connectivity: 1
Betweeness: 0.0004124
Centrality: 0.5003096
Communicability: 9.95761757624e+17
Density: 0.0008261
Diameter: 2.0
Eccentricity: 1.0
Pagerank: 0
Radius: 1.0
Square_clustering: 0.0024742
