Size: 526
Order: 513
Assortativity: -0.8810901
Transitivity: 0.00033
Degree: 0.0040052
Coreness: 1.0
Number_Triangles: 0.0
Number_Cliques: 512
Clique_number: 3
Clustering: 0.0253755
Edge_connectivity: 1
Betweeness: 0.0021253
Centrality: 0.4827046
Communicability: 7781582.79648
Density: 0.0040052
Diameter: 3.0
Eccentricity: 2.0
Pagerank: 0
Radius: 2.0
Square_clustering: 0.0072721
