Size: 3016
Order: 2060
Assortativity: -0.6659221
Transitivity: 0.00595
Degree: 0.0014221
Coreness: 1.0
Number_Triangles: 2.0
Number_Cliques: 2266
Clique_number: 6
Clustering: 0.1943559
Edge_connectivity: 1
Betweeness: 0.0009471
Centrality: 0.3429004
Communicability: 61132882287.5
Density: 0.0014221
Diameter: 5.0
Eccentricity: 4.0
Pagerank: 0
Radius: 3.0
Square_clustering: 0.0010892
