Size: 497
Order: 339
Assortativity: -0.6564334
Transitivity: 0.02115
Degree: 0.008675
Coreness: 1.0
Number_Triangles: 1.0
Number_Cliques: 356
Clique_number: 5
Clustering: 0.2800506
Edge_connectivity: 1
Betweeness: 0.0050996
Centrality: 0.3737371
Communicability: 10221.3424457
Density: 0.008675
Diameter: 5.0
Eccentricity: 4.0
Pagerank: 0
Radius: 3.0
Square_clustering: 0.0200348
