Size: 1086
Order: 585
Assortativity: -0.5191247
Transitivity: 0.01846
Degree: 0.0063576
Coreness: 1.0
Number_Triangles: 3.0
Number_Cliques: 895
Clique_number: 4
Clustering: 0.2455537
Edge_connectivity: 1
Betweeness: 0.002955
Centrality: 0.3754508
Communicability: 19161926.1552
Density: 0.0063576
Diameter: 5.0
Eccentricity: 4.0
Pagerank: 0
Radius: 3.0
Square_clustering: 0.0057406
