Size: 6509
Order: 2045
Assortativity: -0.4158241
Transitivity: 0.07938
Degree: 0.0031144
Coreness: 3.0
Number_Triangles: 31.0
Number_Cliques: 5079
Clique_number: 14
Clustering: 0.2800646
Edge_connectivity: 1
Betweeness: 0.0010017
Centrality: 0.3334709
Communicability: 1.12588133301e+20
Density: 0.0031144
Diameter: 6.0
Eccentricity: 5.0
Pagerank: 0
Radius: 3.0
Square_clustering: 0.0036731
