Size: 1145
Order: 1088
Assortativity: -0.8226913
Transitivity: 0.00046
Degree: 0.0019363
Coreness: 1.0
Number_Triangles: 0.0
Number_Cliques: 1087
Clique_number: 3
Clustering: 0.0507058
Edge_connectivity: 1
Betweeness: 0.0012471
Centrality: 0.428047
Communicability: 2543549461.0
Density: 0.0019363
Diameter: 3.0
Eccentricity: 2.0
Pagerank: 0
Radius: 2.0
Square_clustering: 0.0018641
