Size: 1736
Order: 1074
Assortativity: -0.7120717
Transitivity: 0.0101
Degree: 0.0030128
Coreness: 1.0
Number_Triangles: 2.0
Number_Cliques: 1198
Clique_number: 5
Clustering: 0.3069468
Edge_connectivity: 1
Betweeness: 0.0014718
Centrality: 0.3917734
Communicability: 6783516025.66
Density: 0.0030128
Diameter: 6.0
Eccentricity: 4.0
Pagerank: 0
Radius: 3.0
Square_clustering: 0.0056203
