Size: 2721
Order: 2172
Assortativity: -0.6619529
Transitivity: 0.00224
Degree: 0.0011541
Coreness: 1.0
Number_Triangles: 0.0
Number_Cliques: 2328
Clique_number: 4
Clustering: 0.1501782
Edge_connectivity: 1
Betweeness: 0.0008087
Centrality: 0.3657815
Communicability: 69707843025.1
Density: 0.0011541
Diameter: 5.0
Eccentricity: 4.0
Pagerank: 0
Radius: 3.0
Square_clustering: 0.0008166
