Size: 391
Order: 379
Assortativity: -0.8341364
Transitivity: 0.0002
Degree: 0.0054585
Coreness: 1.0
Number_Triangles: 0.0
Number_Cliques: 386
Clique_number: 3
Clustering: 0.0075545
Edge_connectivity: 1
Betweeness: 0.0033674
Centrality: 0.4514477
Communicability: 336513.083978
Density: 0.0054585
Diameter: 4.0
Eccentricity: 3.0
Pagerank: 0
Radius: 2.0
Square_clustering: 0.0042183
