Size: 1997
Order: 1092
Assortativity: -0.4813615
Transitivity: 0.0222
Degree: 0.0033524
Coreness: 1.0
Number_Triangles: 5.0
Number_Cliques: 1458
Clique_number: 7
Clustering: 0.195453
Edge_connectivity: 1
Betweeness: 0.001863
Centrality: 0.3326459
Communicability: 4254861628.34
Density: 0.0033524
Diameter: 5.0
Eccentricity: 4.0
Pagerank: 0
Radius: 3.0
Square_clustering: 0.0050639
