Size: 124
Order: 104
Assortativity: -0.6141244
Transitivity: 0.01889
Degree: 0.0231516
Coreness: 1.0
Number_Triangles: 0.0
Number_Cliques: 103
Clique_number: 3
Clustering: 0.1624796
Edge_connectivity: 1
Betweeness: 0.0144222
Centrality: 0.4122307
Communicability: 65.8348427
Density: 0.0231516
Diameter: 5.0
Eccentricity: 3.0
Pagerank: 0.0096154
Radius: 3.0
Square_clustering: 0.006216
