Size: 2326
Order: 2137
Assortativity: -0.6019661
Transitivity: 0.00049
Degree: 0.0010191
Coreness: 1.0
Number_Triangles: 0.0
Number_Cliques: 2180
Clique_number: 4
Clustering: 0.0596336
Edge_connectivity: 1
Betweeness: 0.0008322
Centrality: 0.3667798
Communicability: 2.85733084818e+12
Density: 0.0010191
Diameter: 6.0
Eccentricity: 5.0
Pagerank: 0
Radius: 3.0
Square_clustering: 0.0054302
