Size: 131
Order: 115
Assortativity: -0.5184156
Transitivity: 0.01308
Degree: 0.0199847
Coreness: 1.0
Number_Triangles: 0.0
Number_Cliques: 121
Clique_number: 3
Clustering: 0.0405672
Edge_connectivity: 1
Betweeness: 0.0220719
Centrality: 0.2915962
Communicability: 12.5738139
Density: 0.0199847
Diameter: 7.0
Eccentricity: 5.0
Pagerank: 0.0086957
Radius: 4.0
Square_clustering: 0.0130301
