Size: 125
Order: 125
Assortativity: -0.8484599
Transitivity: 0.00047
Degree: 0.016129
Coreness: 1.0
Number_Triangles: 0.0
Number_Cliques: 123
Clique_number: 3
Clustering: 0.0081467
Edge_connectivity: 1
Betweeness: 0.0096617
Centrality: 0.4657135
Communicability: 336.9776835
Density: 0.016129
Diameter: 5.0
Eccentricity: 4.0
Pagerank: 0
Radius: 3.0
Square_clustering: 0.0
