Size: 593
Order: 531
Assortativity: -0.5863403
Transitivity: 0.00206
Degree: 0.0042142
Coreness: 1.0
Number_Triangles: 0.0
Number_Cliques: 553
Clique_number: 4
Clustering: 0.0440192
Edge_connectivity: 1
Betweeness: 0.0038035
Centrality: 0.3420745
Communicability: 227352.982168
Density: 0.0042142
Diameter: 7.0
Eccentricity: 5.0
Pagerank: 0
Radius: 4.0
Square_clustering: 0.0132988
