Size: 106
Order: 103
Assortativity: -0.8207988
Transitivity: 0.00284
Degree: 0.0201789
Coreness: 1.0
Number_Triangles: 0.0
Number_Cliques: 101
Clique_number: 3
Clustering: 0.0391681
Edge_connectivity: 1
Betweeness: 0.0114842
Centrality: 0.4693011
Communicability: 146.4870127
Density: 0.0201789
Diameter: 3.0
Eccentricity: 2.0
Pagerank: 0
Radius: 2.0
Square_clustering: 0.0195402
