Size: 2663
Order: 2570
Assortativity: -0.8071769
Transitivity: 3e-05
Degree: 0.0008067
Coreness: 1.0
Number_Triangles: 0.0
Number_Cliques: 2634
Clique_number: 3
Clustering: 0.0073347
Edge_connectivity: 1
Betweeness: 0.0004726
Centrality: 0.4590688
Communicability: 4.12730008358e+17
Density: 0.0008067
Diameter: 5.0
Eccentricity: 4.0
Pagerank: 0
Radius: 3.0
Square_clustering: 0.000385
