Size: 512
Order: 510
Assortativity: -0.7540928
Transitivity: 6e-05
Degree: 0.0039447
Coreness: 1.0
Number_Triangles: 0.0
Number_Cliques: 508
Clique_number: 3
Clustering: 0.0039391
Edge_connectivity: 1
Betweeness: 0.0030455
Centrality: 0.4086916
Communicability: 2043936.48668
Density: 0.0039447
Diameter: 7.0
Eccentricity: 5.0
Pagerank: 0
Radius: 4.0
Square_clustering: 0.0
