Size: 116
Order: 115
Assortativity: -0.7015425
Transitivity: 0.00103
Degree: 0.0176964
Coreness: 1.0
Number_Triangles: 0.0
Number_Cliques: 114
Clique_number: 3
Clustering: 0.0087224
Edge_connectivity: 1
Betweeness: 0.0175844
Centrality: 0.3452969
Communicability: 40.6109831
Density: 0.0176964
Diameter: 6.0
Eccentricity: 5.0
Pagerank: 0
Radius: 3.0
Square_clustering: 0.0030004
