Size: 2415
Order: 2016
Assortativity: -0.6199669
Transitivity: 0.00269
Degree: 0.001189
Coreness: 1.0
Number_Triangles: 0.0
Number_Cliques: 2102
Clique_number: 5
Clustering: 0.1016015
Edge_connectivity: 1
Betweeness: 0.0008561
Centrality: 0.370471
Communicability: 33104638308.5
Density: 0.001189
Diameter: 5.0
Eccentricity: 4.0
Pagerank: 0
Radius: 3.0
Square_clustering: 0.0008607
