Size: 2743
Order: 2590
Assortativity: -0.8082692
Transitivity: 0.00015
Degree: 0.0008181
Coreness: 1.0
Number_Triangles: 0.0
Number_Cliques: 2597
Clique_number: 4
Clustering: 0.051185
Edge_connectivity: 1
Betweeness: 0.0004503
Centrality: 0.4666554
Communicability: 5.6553670027e+17
Density: 0.0008181
Diameter: 5.0
Eccentricity: 4.0
Pagerank: 0
Radius: 3.0
Square_clustering: 0.000939
