Size: 2905
Order: 2433
Assortativity: -0.6642349
Transitivity: 0.00141
Degree: 0.0009819
Coreness: 1.0
Number_Triangles: 0.0
Number_Cliques: 2514
Clique_number: 6
Clustering: 0.1117667
Edge_connectivity: 1
Betweeness: 0.0006823
Centrality: 0.3813789
Communicability: 1.1424229544e+13
Density: 0.0009819
Diameter: 6.0
Eccentricity: 4.0
Pagerank: 0
Radius: 3.0
Square_clustering: 0.0003279
