Size: 361
Order: 336
Assortativity: -0.5791242
Transitivity: 0.00346
Degree: 0.0064144
Coreness: 1.0
Number_Triangles: 0.0
Number_Cliques: 338
Clique_number: 3
Clustering: 0.0561559
Edge_connectivity: 1
Betweeness: 0.0077349
Centrality: 0.2882525
Communicability: 1000.7165931
Density: 0.0064144
Diameter: 7.0
Eccentricity: 6.0
Pagerank: 0
Radius: 5.0
Square_clustering: 0.0020203
