Size: 1501
Order: 1021
Assortativity: -0.6118629
Transitivity: 0.00878
Degree: 0.0028826
Coreness: 1.0
Number_Triangles: 1.0
Number_Cliques: 1157
Clique_number: 5
Clustering: 0.2114887
Edge_connectivity: 1
Betweeness: 0.0022091
Centrality: 0.3103734
Communicability: 4287129.3408
Density: 0.0028826
Diameter: 6.0
Eccentricity: 5.0
Pagerank: 0
Radius: 4.0
Square_clustering: 0.0033793
