Size: 606
Order: 575
Assortativity: -0.9088262
Transitivity: 0.00113
Degree: 0.0036722
Coreness: 1.0
Number_Triangles: 0.0
Number_Cliques: 574
Clique_number: 3
Clustering: 0.051635
Edge_connectivity: 1
Betweeness: 0.0026695
Centrality: 0.3975242
Communicability: 124090.94592
Density: 0.0036722
Diameter: 4.0
Eccentricity: 3.0
Pagerank: 0
Radius: 2.0
Square_clustering: 0.0031751
