Size: 2769
Order: 2365
Assortativity: -0.7355611
Transitivity: 0.00099
Degree: 0.0009905
Coreness: 1.0
Number_Triangles: 0.0
Number_Cliques: 2461
Clique_number: 5
Clustering: 0.0756863
Edge_connectivity: 1
Betweeness: 0.0008388
Centrality: 0.3376956
Communicability: 1.91095777125e+12
Density: 0.0009905
Diameter: 5.0
Eccentricity: 4.0
Pagerank: 0
Radius: 3.0
Square_clustering: 0.0009653
