Size: 458
Order: 353
Assortativity: -0.9460753
Transitivity: 0.006
Degree: 0.0073719
Coreness: 1.0
Number_Triangles: 0.0
Number_Cliques: 351
Clique_number: 3
Clustering: 0.297475
Edge_connectivity: 1
Betweeness: 0.0034949
Centrality: 0.4525868
Communicability: 423913.262819
Density: 0.0073719
Diameter: 4.0
Eccentricity: 3.0
Pagerank: 0.0028329
Radius: 2.0
Square_clustering: 0.0100546
