Size: 333
Order: 300
Assortativity: -0.0518437
Transitivity: 0.01951
Degree: 0.0074247
Coreness: 1.0
Number_Triangles: 0.0
Number_Cliques: 325
Clique_number: 3
Clustering: 0.0117778
Edge_connectivity: 1
Betweeness: 0.054363
Centrality: 0.0613038
Communicability: 2.6836378
Density: 0.0074247
Diameter: 47.0
Eccentricity: 36.0
Pagerank: 0.0033333
Radius: 24.0
Square_clustering: 0.0036331
