Size: 339
Order: 300
Assortativity: -0.3256605
Transitivity: 0.02791
Degree: 0.0075585
Coreness: 1.0
Number_Triangles: 0.0
Number_Cliques: 323
Clique_number: 3
Clustering: 0.0250476
Edge_connectivity: 1
Betweeness: 0.0286333
Centrality: 0.1088754
Communicability: 2.9649978
Density: 0.0075585
Diameter: 24.0
Eccentricity: 17.0
Pagerank: 0.0033333
Radius: 12.0
Square_clustering: 0.0071585
