Size: 2611
Order: 2000
Assortativity: -0.1832801
Transitivity: 0.07608
Degree: 0.0013062
Coreness: 1.0
Number_Triangles: 0.0
Number_Cliques: 2295
Clique_number: 4
Clustering: 0.0683264
Edge_connectivity: 1
Betweeness: 0.0086823
Centrality: 0.0569285
Communicability: 3.8873068
Density: 0.0013062
Diameter: 62.0
Eccentricity: 48.0
Pagerank: 0.0005
Radius: 31.0
Square_clustering: 0.0358061
