Size: 1325
Order: 1000
Assortativity: 0.0192917
Transitivity: 0.14806
Degree: 0.0026527
Coreness: 1.0
Number_Triangles: 0.0
Number_Cliques: 1094
Clique_number: 6
Clustering: 0.0803149
Edge_connectivity: 1
Betweeness: 0.0240247
Centrality: 0.0425115
Communicability: 6.2955936
Density: 0.0026527
Diameter: 72.0
Eccentricity: 56.0
Pagerank: 0.001
Radius: 36.0
Square_clustering: 0.0447301
