Size: 113
Order: 100
Assortativity: -0.3988069
Transitivity: 0.02381
Degree: 0.0228283
Coreness: 1.0
Number_Triangles: 0.0
Number_Cliques: 109
Clique_number: 3
Clustering: 0.0211429
Edge_connectivity: 1
Betweeness: 0.0761822
Centrality: 0.1213046
Communicability: 2.8594046
Density: 0.0228283
Diameter: 22.0
Eccentricity: 16.0
Pagerank: 0.01
Radius: 11.0
Square_clustering: 0.0135912
