Size: 593
Order: 500
Assortativity: -0.0884601
Transitivity: 0.03617
Degree: 0.0047535
Coreness: 1.0
Number_Triangles: 0.0
Number_Cliques: 564
Clique_number: 3
Clustering: 0.0217143
Edge_connectivity: 1
Betweeness: 0.0350786
Centrality: 0.0574395
Communicability: 2.9271712
Density: 0.0047535
Diameter: 54.0
Eccentricity: 39.0
Pagerank: 0.002
Radius: 27.0
Square_clustering: 0.0144121
