Size: 196
Order: 105
Assortativity: -0.5050368
Transitivity: 0.07749
Degree: 0.0358974
Coreness: 2.0
Number_Triangles: 4.0
Number_Cliques: 125
Clique_number: 5
Clustering: 0.3101503
Edge_connectivity: 1
Betweeness: 0.0110121
Centrality: 0.4752916
Communicability: 1610.5619286
Density: 0.0358974
Diameter: 4.0
Eccentricity: 3.0
Pagerank: 0.0095238
Radius: 2.0
Square_clustering: 0.0814838
