Size: 5085
Order: 1036
Assortativity: -0.4419971
Transitivity: 0.1514
Degree: 0.0094846
Coreness: 5.0
Number_Triangles: 48.0
Number_Cliques: 4211
Clique_number: 13
Clustering: 0.4048919
Edge_connectivity: 1
Betweeness: 0.0019695
Centrality: 0.335653
Communicability: 1.11350779658e+17
Density: 0.0094846
Diameter: 8.0
Eccentricity: 5.0
Pagerank: 0.0009653
Radius: 4.0
Square_clustering: 0.0190601
