Size: 1269
Order: 547
Assortativity: -0.8070187
Transitivity: 0.02213
Degree: 0.0084979
Coreness: 2.0
Number_Triangles: 6.0
Number_Cliques: 777
Clique_number: 5
Clustering: 0.4399589
Edge_connectivity: 1
Betweeness: 0.0025998
Centrality: 0.4197414
Communicability: 6613295190.6
Density: 0.0084979
Diameter: 4.0
Eccentricity: 3.0
Pagerank: 0.0018282
Radius: 3.0
Square_clustering: 0.0104092
