Size: 12280
Order: 1002
Assortativity: -0.4441991
Transitivity: 0.36585
Degree: 0.0244865
Coreness: 14.0
Number_Triangles: 553.0
Number_Cliques: 63245
Clique_number: 48
Clustering: 0.5476196
Edge_connectivity: 1
Betweeness: 0.0015453
Centrality: 0.3999502
Communicability: 1.9612691378e+42
Density: 0.0244865
Diameter: 5.0
Eccentricity: 3.0
Pagerank: 0.000998
Radius: 3.0
Square_clustering: 0.0182453
