Size: 587
Order: 310
Assortativity: -0.7267553
Transitivity: 0.03963
Degree: 0.012256
Coreness: 1.0
Number_Triangles: 4.0
Number_Cliques: 369
Clique_number: 5
Clustering: 0.3461652
Edge_connectivity: 1
Betweeness: 0.004802
Centrality: 0.4090171
Communicability: 543984.700279
Density: 0.012256
Diameter: 4.0
Eccentricity: 3.0
Pagerank: 0.0032258
Radius: 2.0
Square_clustering: 0.0076764
