Size: 688
Order: 500
Assortativity: -0.2035032
Transitivity: 0.14342
Degree: 0.005515
Coreness: 1.0
Number_Triangles: 0.0
Number_Cliques: 514
Clique_number: 4
Clustering: 0.1705021
Edge_connectivity: 1
Betweeness: 0.0156121
Centrality: 0.1186352
Communicability: 4.9236697
Density: 0.005515
Diameter: 20.0
Eccentricity: 15.0
Pagerank: 0.002
Radius: 11.0
Square_clustering: 0.0501332
