Size: 1157
Order: 513
Assortativity: -0.6734035
Transitivity: 0.04966
Degree: 0.00881
Coreness: 2.0
Number_Triangles: 6.0
Number_Cliques: 663
Clique_number: 7
Clustering: 0.3765605
Edge_connectivity: 1
Betweeness: 0.0036884
Centrality: 0.3544375
Communicability: 24695043.7821
Density: 0.00881
Diameter: 6.0
Eccentricity: 4.0
Pagerank: 0.0019493
Radius: 3.0
Square_clustering: 0.0135017
