Size: 12646
Order: 2003
Assortativity: -0.1328925
Transitivity: 0.2491
Degree: 0.0063072
Coreness: 6.0
Number_Triangles: 99.0
Number_Cliques: 14122
Clique_number: 22
Clustering: 0.4129739
Edge_connectivity: 1
Betweeness: 0.0012206
Centrality: 0.2959872
Communicability: 7.4146618359e+23
Density: 0.0063072
Diameter: 9.0
Eccentricity: 6.0
Pagerank: 0.0004993
Radius: 5.0
Square_clustering: 0.038947
