Size: 1259
Order: 1001
Assortativity: 0.0834514
Transitivity: 0.03511
Degree: 0.0025155
Coreness: 1.0
Number_Triangles: 0.0
Number_Cliques: 1200
Clique_number: 3
Clustering: 0.0187907
Edge_connectivity: 1
Betweeness: 0.0168844
Centrality: 0.0596039
Communicability: 3.0599865
Density: 0.0025155
Diameter: 61.0
Eccentricity: 45.0
Pagerank: 0.000999
Radius: 31.0
Square_clustering: 0.0105804
