Size: 412
Order: 301
Assortativity: -0.1012989
Transitivity: 0.07435
Degree: 0.0091251
Coreness: 1.0
Number_Triangles: 0.0
Number_Cliques: 369
Clique_number: 3
Clustering: 0.0565891
Edge_connectivity: 1
Betweeness: 0.0455999
Centrality: 0.0709391
Communicability: 3.4028431
Density: 0.0091251
Diameter: 38.0
Eccentricity: 28.0
Pagerank: 0.0033223
Radius: 19.0
Square_clustering: 0.0433966
