Size: 632
Order: 500
Assortativity: -0.0744366
Transitivity: 0.06412
Degree: 0.0050661
Coreness: 1.0
Number_Triangles: 0.0
Number_Cliques: 577
Clique_number: 3
Clustering: 0.0486
Edge_connectivity: 1
Betweeness: 0.0294834
Centrality: 0.0650232
Communicability: 3.1023247
Density: 0.0050661
Diameter: 34.0
Eccentricity: 27.0
Pagerank: 0.002
Radius: 20.0
Square_clustering: 0.0342912
