Size: 1374
Order: 1001
Assortativity: -0.1005076
Transitivity: 0.01715
Degree: 0.0027453
Coreness: 1.0
Number_Triangles: 0.0
Number_Cliques: 1341
Clique_number: 3
Clustering: 0.0156177
Edge_connectivity: 1
Betweeness: 0.0286786
Centrality: 0.0357895
Communicability: 3.2797387
Density: 0.0027453
Diameter: 93.0
Eccentricity: 69.0
Pagerank: 0.000999
Radius: 47.0
Square_clustering: 0.0665538
