Size: 2554
Order: 2000
Assortativity: -0.0914801
Transitivity: 0.07158
Degree: 0.0012776
Coreness: 1.0
Number_Triangles: 0.0
Number_Cliques: 2317
Clique_number: 3
Clustering: 0.05115
Edge_connectivity: 1
Betweeness: 0.015617
Centrality: 0.0322357
Communicability: 3.1058647
Density: 0.0012776
Diameter: 88.0
Eccentricity: 65.0
Pagerank: 0.0005
Radius: 44.0
Square_clustering: 0.0388215
