Size: 2853
Order: 2001
Assortativity: 0.0128332
Transitivity: 0.04481
Degree: 0.0014258
Coreness: 1.0
Number_Triangles: 0.0
Number_Cliques: 2665
Clique_number: 3
Clustering: 0.0388472
Edge_connectivity: 1
Betweeness: 0.0184778
Centrality: 0.0273634
Communicability: 3.4916351
Density: 0.0014258
Diameter: 91.0
Eccentricity: 74.0
Pagerank: 0.0004998
Radius: 46.0
Square_clustering: 0.0645911
