Size: 351
Order: 300
Assortativity: -0.1230047
Transitivity: 0.06019
Degree: 0.0078261
Coreness: 1.0
Number_Triangles: 0.0
Number_Cliques: 327
Clique_number: 3
Clustering: 0.0387778
Edge_connectivity: 1
Betweeness: 0.0812366
Centrality: 0.0414925
Communicability: 2.8337112
Density: 0.0078261
Diameter: 68.0
Eccentricity: 53.0
Pagerank: 0.0033333
Radius: 34.0
Square_clustering: 0.0154319
