Size: 1400
Order: 1001
Assortativity: -0.1524921
Transitivity: 0.04888
Degree: 0.0027972
Coreness: 1.0
Number_Triangles: 0.0
Number_Cliques: 1302
Clique_number: 3
Clustering: 0.0451548
Edge_connectivity: 1
Betweeness: 0.0220455
Centrality: 0.0449576
Communicability: 3.4130531
Density: 0.0027972
Diameter: 59.0
Eccentricity: 44.0
Pagerank: 0.000999
Radius: 30.0
Square_clustering: 0.0706859
