Size: 117
Order: 101
Assortativity: -0.173044
Transitivity: 0.07895
Degree: 0.0231683
Coreness: 1.0
Number_Triangles: 0.0
Number_Cliques: 105
Clique_number: 3
Clustering: 0.0561056
Edge_connectivity: 1
Betweeness: 0.0948955
Centrality: 0.0995279
Communicability: 2.8846789
Density: 0.0231683
Diameter: 26.0
Eccentricity: 20.0
Pagerank: 0.009901
Radius: 13.0
Square_clustering: 0.0268344
