Size: 119
Order: 101
Assortativity: -0.2096651
Transitivity: 0.09796
Degree: 0.0235644
Coreness: 1.0
Number_Triangles: 0.0
Number_Cliques: 104
Clique_number: 3
Clustering: 0.0643564
Edge_connectivity: 1
Betweeness: 0.0792279
Centrality: 0.1178338
Communicability: 3.0056283
Density: 0.0235644
Diameter: 22.0
Eccentricity: 16.0
Pagerank: 0.009901
Radius: 11.0
Square_clustering: 0.0196031
