Size: 631
Order: 501
Assortativity: -0.1766711
Transitivity: 0.06749
Degree: 0.0050379
Coreness: 1.0
Number_Triangles: 0.0
Number_Cliques: 578
Clique_number: 3
Clustering: 0.047505
Edge_connectivity: 1
Betweeness: 0.0428053
Centrality: 0.0468015
Communicability: 3.0787051
Density: 0.0050379
Diameter: 62.0
Eccentricity: 47.0
Pagerank: 0.001996
Radius: 31.0
Square_clustering: 0.041229
