Size: 2537
Order: 2037
Assortativity: -0.3884835
Transitivity: 0.00233
Degree: 0.0012234
Coreness: 1.0
Number_Triangles: 0.0
Number_Cliques: 2200
Clique_number: 6
Clustering: 0.0887541
Edge_connectivity: 1
Betweeness: 0.0010951
Centrality: 0.3215915
Communicability: 1.35290451369e+12
Density: 0.0012234
Diameter: 8.0
Eccentricity: 5.0
Pagerank: 0
Radius: 4.0
Square_clustering: 0.0020504
