Size: 135
Order: 112
Assortativity: -0.8626344
Transitivity: 0.01899
Degree: 0.0217181
Coreness: 1.0
Number_Triangles: 0.0
Number_Cliques: 118
Clique_number: 3
Clustering: 0.114962
Edge_connectivity: 1
Betweeness: 0.0148444
Centrality: 0.3859045
Communicability: 64.3288693
Density: 0.0217181
Diameter: 4.0
Eccentricity: 3.0
Pagerank: 0
Radius: 2.0
Square_clustering: 0.019065
