Size: 3038
Order: 2523
Assortativity: -0.3543319
Transitivity: 0.0009
Degree: 0.0009549
Coreness: 1.0
Number_Triangles: 0.0
Number_Cliques: 2811
Clique_number: 4
Clustering: 0.0592918
Edge_connectivity: 1
Betweeness: 0.0009961
Centrality: 0.2923757
Communicability: 220692206423.0
Density: 0.0009549
Diameter: 10.0
Eccentricity: 7.0
Pagerank: 0
Radius: 5.0
Square_clustering: 0.0006212
