Size: 1190
Order: 1163
Assortativity: -0.8461823
Transitivity: 0.00015
Degree: 0.0017611
Coreness: 1.0
Number_Triangles: 0.0
Number_Cliques: 1160
Clique_number: 3
Clustering: 0.0242226
Edge_connectivity: 1
Betweeness: 0.0010021
Centrality: 0.4676395
Communicability: 139755963032.0
Density: 0.0017611
Diameter: 5.0
Eccentricity: 4.0
Pagerank: 0
Radius: 3.0
Square_clustering: 0.0009304
