Size: 341
Order: 336
Assortativity: -0.7502198
Transitivity: 0.00046
Degree: 0.006059
Coreness: 1.0
Number_Triangles: 0.0
Number_Cliques: 333
Clique_number: 3
Clustering: 0.0183506
Edge_connectivity: 1
Betweeness: 0.0046912
Centrality: 0.4014243
Communicability: 46029.0117861
Density: 0.006059
Diameter: 5.0
Eccentricity: 4.0
Pagerank: 0
Radius: 3.0
Square_clustering: 0.003617
