Size: 814
Order: 508
Assortativity: -0.6920639
Transitivity: 0.01456
Degree: 0.006321
Coreness: 1.0
Number_Triangles: 1.0
Number_Cliques: 627
Clique_number: 4
Clustering: 0.2344574
Edge_connectivity: 1
Betweeness: 0.0034921
Centrality: 0.3674426
Communicability: 317018.937819
Density: 0.006321
Diameter: 5.0
Eccentricity: 4.0
Pagerank: 0.0019685
Radius: 3.0
Square_clustering: 0.0022521
