Size: 401
Order: 306
Assortativity: -0.6770547
Transitivity: 0.00985
Degree: 0.0085932
Coreness: 1.0
Number_Triangles: 1.0
Number_Cliques: 307
Clique_number: 5
Clustering: 0.1288663
Edge_connectivity: 1
Betweeness: 0.0033829
Centrality: 0.4951901
Communicability: 410295.464117
Density: 0.0085932
Diameter: 3.0
Eccentricity: 2.0
Pagerank: 0
Radius: 2.0
Square_clustering: 21.072934
