Size: 1221
Order: 1020
Assortativity: -0.4482956
Transitivity: 0.00472
Degree: 0.0023495
Coreness: 1.0
Number_Triangles: 0.0
Number_Cliques: 1073
Clique_number: 8
Clustering: 0.0697079
Edge_connectivity: 1
Betweeness: 0.0027031
Centrality: 0.272567
Communicability: 1462992.47433
Density: 0.0023495
Diameter: 10.0
Eccentricity: 7.0
Pagerank: 0
Radius: 5.0
Square_clustering: 0.0216414
