Size: 384
Order: 314
Assortativity: -0.6670793
Transitivity: 0.01759
Degree: 0.0078142
Coreness: 1.0
Number_Triangles: 0.0
Number_Cliques: 331
Clique_number: 4
Clustering: 0.0580074
Edge_connectivity: 1
Betweeness: 0.0075372
Centrality: 0.3043943
Communicability: 416.4261636
Density: 0.0078142
Diameter: 7.0
Eccentricity: 5.0
Pagerank: 0
Radius: 4.0
Square_clustering: 0.0101336
