Size: 500
Order: 500
Assortativity: 0.248497
Transitivity: 0.00598
Degree: 0.004008
Coreness: 1.0
Number_Triangles: 0.0
Number_Cliques: 498
Clique_number: 3
Clustering: 0.0033333
Edge_connectivity: 1
Betweeness: 0.3324331
Centrality: 0.0062881
Communicability: 2.2834984
Density: 0.004008
Diameter: 498.0
Eccentricity: 373.0
Pagerank: 0.002
Radius: 249.0
Square_clustering: 0.0
