Size: 165
Order: 100
Assortativity: -0.577698
Transitivity: 0.11162
Degree: 0.0333333
Coreness: 1.0
Number_Triangles: 3.0
Number_Cliques: 96
Clique_number: 5
Clustering: 0.2069826
Edge_connectivity: 1
Betweeness: 0.01765
Centrality: 0.3737055
Communicability: 287.9957258
Density: 0.0333333
Diameter: 4.0
Eccentricity: 3.0
Pagerank: 0.01
Radius: 2.0
Square_clustering: 0.2304279
