Size: 217
Order: 122
Assortativity: -0.737397
Transitivity: 0.08184
Degree: 0.0293998
Coreness: 1.0
Number_Triangles: 3.0
Number_Cliques: 121
Clique_number: 5
Clustering: 0.2990193
Edge_connectivity: 1
Betweeness: 0.0133914
Centrality: 0.3868878
Communicability: 1470.5446418
Density: 0.0293998
Diameter: 4.0
Eccentricity: 3.0
Pagerank: 0.0081967
Radius: 2.0
Square_clustering: 0.3629023
