Size: 1253
Order: 560
Assortativity: -0.6145998
Transitivity: 0.01619
Degree: 0.0080054
Coreness: 2.0
Number_Triangles: 5.0
Number_Cliques: 1041
Clique_number: 5
Clustering: 0.2967977
Edge_connectivity: 1
Betweeness: 0.0021247
Centrality: 0.4635703
Communicability: 51575162848.0
Density: 0.0080054
Diameter: 4.0
Eccentricity: 3.0
Pagerank: 0
Radius: 2.0
Square_clustering: 0.0625981
