Size: 1357
Order: 1013
Assortativity: -0.3499861
Transitivity: 0.01201
Degree: 0.0026474
Coreness: 1.0
Number_Triangles: 2.0
Number_Cliques: 1069
Clique_number: 6
Clustering: 0.061617
Edge_connectivity: 1
Betweeness: 0.0038001
Centrality: 0.2247656
Communicability: 18375295.3271
Density: 0.0026474
Diameter: 15.0
Eccentricity: 10.0
Pagerank: 0
Radius: 8.0
Square_clustering: 1.9369174
