Size: 3254
Order: 2590
Assortativity: -0.420271
Transitivity: 0.00054
Degree: 0.0009705
Coreness: 1.0
Number_Triangles: 0.0
Number_Cliques: 3114
Clique_number: 4
Clustering: 0.0396851
Edge_connectivity: 1
Betweeness: 0.0010645
Centrality: 0.2725023
Communicability: 10614426595.7
Density: 0.0009705
Diameter: 10.0
Eccentricity: 7.0
Pagerank: 0
Radius: 5.0
Square_clustering: 0.3572326
