Size: 213
Order: 103
Assortativity: -0.859323
Transitivity: 0.06678
Degree: 0.0405483
Coreness: 2.0
Number_Triangles: 4.0
Number_Cliques: 109
Clique_number: 4
Clustering: 0.620409
Edge_connectivity: 1
Betweeness: 0.0113712
Centrality: 0.4714426
Communicability: 5776.124515
Density: 0.0405483
Diameter: 4.0
Eccentricity: 3.0
Pagerank: 0.0097087
Radius: 2.0
Square_clustering: 0.0648952
