Size: 786
Order: 535
Assortativity: -0.554587
Transitivity: 0.00979
Degree: 0.0055025
Coreness: 1.0
Number_Triangles: 2.0
Number_Cliques: 600
Clique_number: 6
Clustering: 0.1425361
Edge_connectivity: 1
Betweeness: 0.0018658
Centrality: 0.5018507
Communicability: 53090023.3185
Density: 0.0055025
Diameter: 2.0
Eccentricity: 1.0
Pagerank: 0
Radius: 1.0
Square_clustering: 0.0908314
