Size: 257
Order: 102
Assortativity: -0.8020261
Transitivity: 0.08941
Degree: 0.0498932
Coreness: 2.0
Number_Triangles: 6.0
Number_Cliques: 151
Clique_number: 4
Clustering: 0.5504384
Edge_connectivity: 1
Betweeness: 0.0116618
Centrality: 0.4688333
Communicability: 17828.8292923
Density: 0.0498932
Diameter: 4.0
Eccentricity: 3.0
Pagerank: 0.0098039
Radius: 2.0
Square_clustering: 0.0674699
