Size: 146
Order: 107
Assortativity: -0.7673716
Transitivity: 0.02382
Degree: 0.025745
Coreness: 1.0
Number_Triangles: 0.0
Number_Cliques: 122
Clique_number: 3
Clustering: 0.1837939
Edge_connectivity: 1
Betweeness: 0.0162481
Centrality: 0.3760025
Communicability: 86.0283511
Density: 0.025745
Diameter: 4.0
Eccentricity: 3.0
Pagerank: 0
Radius: 2.0
Square_clustering: 0.016559
