Size: 244
Order: 105
Assortativity: -0.8978153
Transitivity: 0.08317
Degree: 0.0446886
Coreness: 2.0
Number_Triangles: 6.0
Number_Cliques: 101
Clique_number: 5
Clustering: 0.6598503
Edge_connectivity: 1
Betweeness: 0.010596
Centrality: 0.483545
Communicability: 27576.8000987
Density: 0.0446886
Diameter: 3.0
Eccentricity: 2.0
Pagerank: 0
Radius: 2.0
Square_clustering: 0.0940213
