Size: 679
Order: 334
Assortativity: -0.4638334
Transitivity: 0.04059
Degree: 0.0122098
Coreness: 2.0
Number_Triangles: 7.0
Number_Cliques: 422
Clique_number: 7
Clustering: 0.2852817
Edge_connectivity: 1
Betweeness: 0.0029753
Centrality: 0.5038738
Communicability: 14130441.1583
Density: 0.0122098
Diameter: 2.0
Eccentricity: 1.0
Pagerank: 0
Radius: 1.0
Square_clustering: 0.1419569
