Size: 2954
Order: 559
Assortativity: -0.6336126
Transitivity: 0.1599
Degree: 0.0189406
Coreness: 5.0
Number_Triangles: 57.0
Number_Cliques: 2407
Clique_number: 12
Clustering: 0.4190643
Edge_connectivity: 1
Betweeness: 0.0032848
Centrality: 0.3586582
Communicability: 4.63405534682e+16
Density: 0.0189406
Diameter: 4.0
Eccentricity: 3.0
Pagerank: 0.0017889
Radius: 2.0
Square_clustering: 0.0234342
