Size: 1124
Order: 301
Assortativity: -0.8176342
Transitivity: 0.06279
Degree: 0.0248948
Coreness: 3.0
Number_Triangles: 13.0
Number_Cliques: 665
Clique_number: 6
Clustering: 0.4692851
Edge_connectivity: 1
Betweeness: 0.0046791
Centrality: 0.4241626
Communicability: 835977331.177
Density: 0.0248948
Diameter: 4.0
Eccentricity: 3.0
Pagerank: 0.0033223
Radius: 2.0
Square_clustering: 0.0284486
