Size: 375
Order: 110
Assortativity: -0.6732207
Transitivity: 0.19054
Degree: 0.0625521
Coreness: 3.0
Number_Triangles: 11.0
Number_Cliques: 228
Clique_number: 6
Clustering: 0.3513874
Edge_connectivity: 1
Betweeness: 0.0142202
Centrality: 0.4034909
Communicability: 15398.1978522
Density: 0.0625521
Diameter: 4.0
Eccentricity: 3.0
Pagerank: 0.0090909
Radius: 2.0
Square_clustering: 0.0460486
