Size: 2746
Order: 528
Assortativity: -0.5847135
Transitivity: 0.19021
Degree: 0.0197372
Coreness: 5.0
Number_Triangles: 44.0
Number_Cliques: 2225
Clique_number: 11
Clustering: 0.3737566
Edge_connectivity: 1
Betweeness: 0.0038213
Centrality: 0.3368441
Communicability: 3.0506127029e+13
Density: 0.0197372
Diameter: 4.0
Eccentricity: 3.0
Pagerank: 0.0018939
Radius: 2.0
Square_clustering: 0.0139568
