Size: 10895
Order: 1035
Assortativity: -0.2038766
Transitivity: 0.22055
Degree: 0.0203609
Coreness: 11.0
Number_Triangles: 301.0
Number_Cliques: 104077
Clique_number: 21
Clustering: 0.5415469
Edge_connectivity: 1
Betweeness: 0.0009483
Centrality: 0.5055476
Communicability: 5.10817206858e+34
Density: 0.0203609
Diameter: 2.0
Eccentricity: 1.0
Pagerank: 0.0009662
Radius: 1.0
Square_clustering: 0.1506366
