Size: 2026
Order: 308
Assortativity: -0.6414559
Transitivity: 0.22765
Degree: 0.0428529
Coreness: 7.0
Number_Triangles: 74.0
Number_Cliques: 2310
Clique_number: 10
Clustering: 0.6467996
Edge_connectivity: 1
Betweeness: 0.0048555
Centrality: 0.4082302
Communicability: 1.59417510978e+12
Density: 0.0428529
Diameter: 4.0
Eccentricity: 3.0
Pagerank: 0.0032468
Radius: 2.0
Square_clustering: 0.0638786
