Size: 121
Order: 100
Assortativity: -0.648563
Transitivity: 0.0206
Degree: 0.0244444
Coreness: 1.0
Number_Triangles: 0.0
Number_Cliques: 99
Clique_number: 3
Clustering: 0.1883479
Edge_connectivity: 1
Betweeness: 0.0157576
Centrality: 0.402095
Communicability: 71.9937903
Density: 0.0244444
Diameter: 4.0
Eccentricity: 3.0
Pagerank: 0
Radius: 2.0
Square_clustering: 0.0850498
