Size: 180
Order: 124
Assortativity: -0.7876496
Transitivity: 0.02154
Degree: 0.0236035
Coreness: 1.0
Number_Triangles: 1.0
Number_Cliques: 133
Clique_number: 3
Clustering: 0.337187
Edge_connectivity: 1
Betweeness: 0.0091286
Centrality: 0.4780656
Communicability: 1510.6021098
Density: 0.0236035
Diameter: 4.0
Eccentricity: 3.0
Pagerank: 0
Radius: 2.0
Square_clustering: 0.0365616
