Size: 2086
Order: 536
Assortativity: -0.6196605
Transitivity: 0.14301
Degree: 0.0145488
Coreness: 4.0
Number_Triangles: 27.0
Number_Cliques: 2188
Clique_number: 8
Clustering: 0.4930169
Edge_connectivity: 1
Betweeness: 0.0039338
Centrality: 0.3245309
Communicability: 228256660561.0
Density: 0.0145488
Diameter: 4.0
Eccentricity: 3.0
Pagerank: 0.0018657
Radius: 2.0
Square_clustering: 0.0336351
