Size: 621
Order: 302
Assortativity: -0.6783035
Transitivity: 0.04687
Degree: 0.0136631
Coreness: 2.0
Number_Triangles: 3.0
Number_Cliques: 431
Clique_number: 5
Clustering: 0.3118457
Edge_connectivity: 1
Betweeness: 0.0061138
Centrality: 0.3587559
Communicability: 32071.4755251
Density: 0.0136631
Diameter: 4.0
Eccentricity: 3.0
Pagerank: 0.0033113
Radius: 2.0
Square_clustering: 0.0124406
