Size: 1194
Order: 1083
Assortativity: -0.7802863
Transitivity: 0.00078
Degree: 0.0020379
Coreness: 1.0
Number_Triangles: 0.0
Number_Cliques: 1092
Clique_number: 3
Clustering: 0.0902176
Edge_connectivity: 1
Betweeness: 0.0012029
Centrality: 0.438909
Communicability: 7204559328.71
Density: 0.0020379
Diameter: 4.0
Eccentricity: 3.0
Pagerank: 0
Radius: 2.0
Square_clustering: 0.0018808
