Size: 659
Order: 561
Assortativity: -0.8096519
Transitivity: 0.00222
Degree: 0.0041953
Coreness: 1.0
Number_Triangles: 0.0
Number_Cliques: 559
Clique_number: 3
Clustering: 0.1764841
Edge_connectivity: 1
Betweeness: 0.0020996
Centrality: 0.4639134
Communicability: 17225641.1647
Density: 0.0041953
Diameter: 3.0
Eccentricity: 2.0
Pagerank: 0
Radius: 2.0
Square_clustering: 0.004182
