Size: 493
Order: 449
Assortativity: -0.8072659
Transitivity: 0.00155
Degree: 0.0049018
Coreness: 1.0
Number_Triangles: 0.0
Number_Cliques: 447
Clique_number: 3
Clustering: 0.100252
Edge_connectivity: 1
Betweeness: 0.0025411
Centrality: 0.4722205
Communicability: 1803168.02289
Density: 0.0049018
Diameter: 3.0
Eccentricity: 2.0
Pagerank: 0
Radius: 2.0
Square_clustering: 0.0047649
