Size: 657
Order: 536
Assortativity: -0.8119999
Transitivity: 0.00278
Degree: 0.0045822
Coreness: 1.0
Number_Triangles: 0.0
Number_Cliques: 534
Clique_number: 3
Clustering: 0.2276288
Edge_connectivity: 1
Betweeness: 0.0021086
Centrality: 0.4736986
Communicability: 22905004.3033
Density: 0.0045822
Diameter: 3.0
Eccentricity: 2.0
Pagerank: 0
Radius: 2.0
Square_clustering: 0.0051931
