Size: 976
Order: 321
Assortativity: -0.7982015
Transitivity: 0.04563
Degree: 0.0190031
Coreness: 3.0
Number_Triangles: 12.0
Number_Cliques: 389
Clique_number: 6
Clustering: 0.6929032
Edge_connectivity: 1
Betweeness: 0.0036601
Centrality: 0.4653906
Communicability: 3350663220.37
Density: 0.0190031
Diameter: 4.0
Eccentricity: 3.0
Pagerank: 0
Radius: 2.0
Square_clustering: 0.0565633
