Size: 134
Order: 119
Assortativity: -0.8006429
Transitivity: 0.00833
Degree: 0.0190856
Coreness: 1.0
Number_Triangles: 0.0
Number_Cliques: 117
Clique_number: 3
Clustering: 0.1347505
Edge_connectivity: 1
Betweeness: 0.0099543
Centrality: 0.4675634
Communicability: 315.7458217
Density: 0.0190856
Diameter: 3.0
Eccentricity: 2.0
Pagerank: 0
Radius: 2.0
Square_clustering: 0.0183522
