Size: 28252
Order: 1008
Assortativity: -0.3921942
Transitivity: 0.24146
Degree: 0.0556659
Coreness: 31.0
Number_Triangles: 1249.0
Number_Cliques: 1345997
Clique_number: 22
Clustering: 0.5998475
Edge_connectivity: 1
Betweeness: 0.0009387
Centrality: 0.5155137
Communicability: 1.4959016688e+58
Density: 0.0556659
Diameter: 2.0
Eccentricity: 1.0
Pagerank: 0.0009921
Radius: 1.0
Square_clustering: 0.0719136
