Size: 870
Order: 500
Assortativity: -0.8254552
Transitivity: 0.00845
Degree: 0.0069739
Coreness: 1.0
Number_Triangles: 1.0
Number_Cliques: 656
Clique_number: 4
Clustering: 0.25244
Edge_connectivity: 1
Betweeness: 0.0032984
Centrality: 0.3854442
Communicability: 4420920.59794
Density: 0.0069739
Diameter: 4.0
Eccentricity: 3.0
Pagerank: 0
Radius: 2.0
Square_clustering: 0.0044519
