Size: 410
Order: 118
Assortativity: -0.4677735
Transitivity: 0.17263
Degree: 0.0593945
Coreness: 3.0
Number_Triangles: 19.0
Number_Cliques: 194
Clique_number: 7
Clustering: 0.4158173
Edge_connectivity: 1
Betweeness: 0.0081087
Centrality: 0.5181618
Communicability: 1072421.38257
Density: 0.0593945
Diameter: 2.0
Eccentricity: 1.0
Pagerank: 0.0084746
Radius: 1.0
Square_clustering: 0.191134
