Size: 8349
Order: 308
Assortativity: -0.4173501
Transitivity: 0.42883
Degree: 0.1765938
Coreness: 31.0
Number_Triangles: 1195.0
Number_Cliques: 92113
Clique_number: 28
Clustering: 0.6669547
Edge_connectivity: 1
Betweeness: 0.0026909
Centrality: 0.5540527
Communicability: 4.34749014317e+37
Density: 0.1765938
Diameter: 2.0
Eccentricity: 1.0
Pagerank: 0.0032468
Radius: 1.0
Square_clustering: 0.0935844
