Size: 4583
Order: 2003
Assortativity: -0.7163661
Transitivity: 0.00671
Degree: 0.0022858
Coreness: 2.0
Number_Triangles: 5.0
Number_Cliques: 3525
Clique_number: 5
Clustering: 0.346664
Edge_connectivity: 1
Betweeness: 0.0007633
Centrality: 0.4017652
Communicability: 6.88681957131e+17
Density: 0.0022858
Diameter: 4.0
Eccentricity: 3.0
Pagerank: 0
Radius: 2.0
Square_clustering: 0.0108821
