Size: 2083
Order: 1020
Assortativity: -0.6929344
Transitivity: 0.00835
Degree: 0.0040082
Coreness: 2.0
Number_Triangles: 3.0
Number_Cliques: 1531
Clique_number: 4
Clustering: 0.3423288
Edge_connectivity: 1
Betweeness: 0.0014313
Centrality: 0.4129461
Communicability: 449570876231.0
Density: 0.0040082
Diameter: 4.0
Eccentricity: 3.0
Pagerank: 0
Radius: 2.0
Square_clustering: 0.0035022
