Size: 477
Order: 378
Assortativity: -0.8310331
Transitivity: 0.00453
Degree: 0.0066945
Coreness: 1.0
Number_Triangles: 0.0
Number_Cliques: 376
Clique_number: 3
Clustering: 0.264581
Edge_connectivity: 1
Betweeness: 0.0030086
Centrality: 0.4726411
Communicability: 1036868.19689
Density: 0.0066945
Diameter: 3.0
Eccentricity: 2.0
Pagerank: 0
Radius: 2.0
Square_clustering: 0.0079293
