Size: 706
Order: 515
Assortativity: -0.8714541
Transitivity: 0.00865
Degree: 0.0053341
Coreness: 1.0
Number_Triangles: 1.0
Number_Cliques: 524
Clique_number: 4
Clustering: 0.3197959
Edge_connectivity: 1
Betweeness: 0.003184
Centrality: 0.3833967
Communicability: 188055.429455
Density: 0.0053341
Diameter: 4.0
Eccentricity: 3.0
Pagerank: 0
Radius: 2.0
Square_clustering: 0.0058389
