Size: 1182
Order: 1003
Assortativity: -0.6703635
Transitivity: 0.00079
Degree: 0.0023522
Coreness: 1.0
Number_Triangles: 0.0
Number_Cliques: 1128
Clique_number: 3
Clustering: 0.0426453
Edge_connectivity: 1
Betweeness: 0.0019409
Centrality: 0.3457286
Communicability: 76126810.2559
Density: 0.0023522
Diameter: 4.0
Eccentricity: 3.0
Pagerank: 0
Radius: 2.0
Square_clustering: 0.0012446
