Size: 3278
Order: 566
Assortativity: -0.6215436
Transitivity: 0.10329
Degree: 0.020501
Coreness: 6.0
Number_Triangles: 50.0
Number_Cliques: 2545
Clique_number: 9
Clustering: 0.4943803
Edge_connectivity: 1
Betweeness: 0.0031256
Centrality: 0.3683065
Communicability: 6.33809682398e+16
Density: 0.020501
Diameter: 4.0
Eccentricity: 3.0
Pagerank: 0.0017668
Radius: 2.0
Square_clustering: 0.0281342
