Size: 125
Order: 116
Assortativity: -0.8451718
Transitivity: 0.00682
Degree: 0.0187406
Coreness: 1.0
Number_Triangles: 0.0
Number_Cliques: 114
Clique_number: 3
Clustering: 0.0863362
Edge_connectivity: 1
Betweeness: 0.0115271
Centrality: 0.4369716
Communicability: 126.7100996
Density: 0.0187406
Diameter: 3.0
Eccentricity: 2.0
Pagerank: 0
Radius: 2.0
Square_clustering: 0.0175895
