Size: 622
Order: 512
Assortativity: -0.7019289
Transitivity: 0.00353
Degree: 0.0047548
Coreness: 1.0
Number_Triangles: 0.0
Number_Cliques: 529
Clique_number: 4
Clustering: 0.1343444
Edge_connectivity: 1
Betweeness: 0.0024537
Centrality: 0.4486727
Communicability: 3200560.36919
Density: 0.0047548
Diameter: 4.0
Eccentricity: 3.0
Pagerank: 0
Radius: 2.0
Square_clustering: 0.0053087
