Size: 178
Order: 124
Assortativity: -0.8804635
Transitivity: 0.03423
Degree: 0.0233412
Coreness: 1.0
Number_Triangles: 1.0
Number_Cliques: 121
Clique_number: 4
Clustering: 0.3315267
Edge_connectivity: 1
Betweeness: 0.0105839
Centrality: 0.4412573
Communicability: 729.1881633
Density: 0.0233412
Diameter: 3.0
Eccentricity: 2.0
Pagerank: 0
Radius: 2.0
Square_clustering: 0.0204792
