Size: 1718
Order: 1242
Assortativity: -0.8375352
Transitivity: 0.00168
Degree: 0.0022293
Coreness: 1.0
Number_Triangles: 1.0
Number_Cliques: 1240
Clique_number: 3
Clustering: 0.3840613
Edge_connectivity: 1
Betweeness: 0.0008406
Centrality: 0.4909693
Communicability: 3.71850216274e+13
Density: 0.0022293
Diameter: 3.0
Eccentricity: 2.0
Pagerank: 0
Radius: 2.0
Square_clustering: 0.0068641
