Size: 1506
Order: 547
Assortativity: -0.8031898
Transitivity: 0.02267
Degree: 0.010085
Coreness: 2.0
Number_Triangles: 9.0
Number_Cliques: 702
Clique_number: 5
Clustering: 0.648122
Edge_connectivity: 1
Betweeness: 0.0027242
Centrality: 0.4118587
Communicability: 3.84934025564e+12
Density: 0.010085
Diameter: 4.0
Eccentricity: 3.0
Pagerank: 0
Radius: 2.0
Square_clustering: 0.1870879
