Size: 2013
Order: 551
Assortativity: -0.434277
Transitivity: 0.04024
Degree: 0.0132849
Coreness: 3.0
Number_Triangles: 18.0
Number_Cliques: 1128
Clique_number: 7
Clustering: 0.5753381
Edge_connectivity: 1
Betweeness: 0.0017973
Centrality: 0.503957
Communicability: 7.00723587429e+12
Density: 0.0132849
Diameter: 2.0
Eccentricity: 1.0
Pagerank: 0.0018149
Radius: 1.0
Square_clustering: 0.2174785
