Size: 2439
Order: 1061
Assortativity: -0.6302127
Transitivity: 0.02548
Degree: 0.0043373
Coreness: 2.0
Number_Triangles: 6.0
Number_Cliques: 1661
Clique_number: 7
Clustering: 0.3859904
Edge_connectivity: 1
Betweeness: 0.0017726
Centrality: 0.3526898
Communicability: 6294133617.11
Density: 0.0043373
Diameter: 4.0
Eccentricity: 3.0
Pagerank: 0.0009425
Radius: 2.0
Square_clustering: 0.0056379
