Size: 784
Order: 345
Assortativity: -0.7729635
Transitivity: 0.03138
Degree: 0.013212
Coreness: 2.0
Number_Triangles: 3.0
Number_Cliques: 623
Clique_number: 4
Clustering: 0.2632586
Edge_connectivity: 1
Betweeness: 0.0045348
Centrality: 0.3955351
Communicability: 1436974.17827
Density: 0.013212
Diameter: 4.0
Eccentricity: 3.0
Pagerank: 0.0028986
Radius: 2.0
Square_clustering: 0.0147279
