Size: 1875
Order: 1044
Assortativity: -0.7701202
Transitivity: 0.00618
Degree: 0.0034439
Coreness: 1.0
Number_Triangles: 3.0
Number_Cliques: 1050
Clique_number: 5
Clustering: 0.5467384
Edge_connectivity: 1
Betweeness: 0.0012051
Centrality: 0.4474489
Communicability: 5.45301700425e+12
Density: 0.0034439
Diameter: 4.0
Eccentricity: 3.0
Pagerank: 0
Radius: 2.0
Square_clustering: 0.0050205
