Size: 687
Order: 532
Assortativity: -0.6785867
Transitivity: 0.00275
Degree: 0.0048639
Coreness: 1.0
Number_Triangles: 0.0
Number_Cliques: 594
Clique_number: 3
Clustering: 0.1489423
Edge_connectivity: 1
Betweeness: 0.0023708
Centrality: 0.4503427
Communicability: 9986441.08984
Density: 0.0048639
Diameter: 4.0
Eccentricity: 3.0
Pagerank: 0
Radius: 2.0
Square_clustering: 0.0036694
