Size: 3040
Order: 1032
Assortativity: -0.7992885
Transitivity: 0.02422
Degree: 0.0057143
Coreness: 3.0
Number_Triangles: 7.0
Number_Cliques: 2271
Clique_number: 5
Clustering: 0.3817074
Edge_connectivity: 1
Betweeness: 0.001764
Centrality: 0.3607681
Communicability: 270512262647.0
Density: 0.0057143
Diameter: 4.0
Eccentricity: 3.0
Pagerank: 0.000969
Radius: 2.0
Square_clustering: 0.0034919
