Size: 9196
Order: 1180
Assortativity: -0.3546074
Transitivity: 0.07282
Degree: 0.0132201
Coreness: 8.0
Number_Triangles: 108.0
Number_Cliques: 18636
Clique_number: 11
Clustering: 0.5585254
Edge_connectivity: 1
Betweeness: 0.0008377
Centrality: 0.5037014
Communicability: 3.40158102258e+29
Density: 0.0132201
Diameter: 2.0
Eccentricity: 1.0
Pagerank: 0.0008475
Radius: 1.0
Square_clustering: 0.134457
