Size: 4644
Order: 2156
Assortativity: -0.6644315
Transitivity: 0.00589
Degree: 0.0019991
Coreness: 2.0
Number_Triangles: 5.0
Number_Cliques: 2673
Clique_number: 5
Clustering: 0.4744359
Edge_connectivity: 1
Betweeness: 0.0006673
Centrality: 0.4153534
Communicability: 1.97503823677e+18
Density: 0.0019991
Diameter: 4.0
Eccentricity: 3.0
Pagerank: 0
Radius: 2.0
Square_clustering: 0.0022614
