Size: 586
Order: 365
Assortativity: -0.9556985
Transitivity: 0.00756
Degree: 0.0088213
Coreness: 1.0
Number_Triangles: 1.0
Number_Cliques: 363
Clique_number: 3
Clustering: 0.6082496
Edge_connectivity: 1
Betweeness: 0.0028545
Centrality: 0.4926847
Communicability: 35190145.3644
Density: 0.0088213
Diameter: 3.0
Eccentricity: 2.0
Pagerank: 0
Radius: 2.0
Square_clustering: 0.0473407
