Size: 2545
Order: 599
Assortativity: -0.6395823
Transitivity: 0.20363
Degree: 0.0142099
Coreness: 4.0
Number_Triangles: 62.0
Number_Cliques: 1230
Clique_number: 19
Clustering: 0.4164559
Edge_connectivity: 1
Betweeness: 0.0030953
Centrality: 0.354207
Communicability: 9.08872886006e+16
Density: 0.0142099
Diameter: 4.0
Eccentricity: 3.0
Pagerank: 0
Radius: 2.0
Square_clustering: 0.0996678
