Size: 1511
Order: 1021
Assortativity: -0.7397223
Transitivity: 0.00357
Degree: 0.0029018
Coreness: 1.0
Number_Triangles: 1.0
Number_Cliques: 1203
Clique_number: 3
Clustering: 0.270244
Edge_connectivity: 1
Betweeness: 0.0016585
Centrality: 0.3782599
Communicability: 2140475117.48
Density: 0.0029018
Diameter: 4.0
Eccentricity: 3.0
Pagerank: 0
Radius: 2.0
Square_clustering: 0.0023675
