Size: 334
Order: 304
Assortativity: -0.8002997
Transitivity: 0.00256
Degree: 0.007252
Coreness: 1.0
Number_Triangles: 0.0
Number_Cliques: 302
Clique_number: 3
Clustering: 0.1020125
Edge_connectivity: 1
Betweeness: 0.0040053
Centrality: 0.4572376
Communicability: 44420.1838868
Density: 0.007252
Diameter: 3.0
Eccentricity: 2.0
Pagerank: 0
Radius: 2.0
Square_clustering: 0.0068843
