Size: 444
Order: 359
Assortativity: -0.7593907
Transitivity: 0.00429
Degree: 0.0069093
Coreness: 1.0
Number_Triangles: 0.0
Number_Cliques: 371
Clique_number: 3
Clustering: 0.185149
Edge_connectivity: 1
Betweeness: 0.0030966
Centrality: 0.4783838
Communicability: 506952.698477
Density: 0.0069093
Diameter: 3.0
Eccentricity: 2.0
Pagerank: 0
Radius: 2.0
Square_clustering: 0.0112131
