Size: 658
Order: 586
Assortativity: -0.786352
Transitivity: 0.0021
Degree: 0.0038389
Coreness: 1.0
Number_Triangles: 0.0
Number_Cliques: 606
Clique_number: 3
Clustering: 0.0802193
Edge_connectivity: 1
Betweeness: 0.0029314
Centrality: 0.3730996
Communicability: 280911.944014
Density: 0.0038389
Diameter: 4.0
Eccentricity: 3.0
Pagerank: 0
Radius: 2.0
Square_clustering: 0.00269
