Size: 26963
Order: 2188
Assortativity: -0.2781342
Transitivity: 0.06823
Degree: 0.0112694
Coreness: 12.0
Number_Triangles: 221.0
Number_Cliques: 62006
Clique_number: 14
Clustering: 0.587068
Edge_connectivity: 1
Betweeness: 0.0004523
Centrality: 0.5030564
Communicability: 4.0035429274e+43
Density: 0.0112694
Diameter: 2.0
Eccentricity: 1.0
Pagerank: 0.000457
Radius: 1.0
Square_clustering: 0.075653
