Size: 602
Order: 360
Assortativity: -0.8785106
Transitivity: 0.00979
Degree: 0.009316
Coreness: 1.0
Number_Triangles: 2.0
Number_Cliques: 418
Clique_number: 3
Clustering: 0.4501086
Edge_connectivity: 1
Betweeness: 0.0031593
Centrality: 0.4723517
Communicability: 12329241.6886
Density: 0.009316
Diameter: 4.0
Eccentricity: 3.0
Pagerank: 0
Radius: 2.0
Square_clustering: 0.0197074
