Size: 4470
Order: 2065
Assortativity: -0.788148
Transitivity: 0.00612
Degree: 0.0020975
Coreness: 2.0
Number_Triangles: 4.0
Number_Cliques: 2751
Clique_number: 5
Clustering: 0.5147569
Edge_connectivity: 1
Betweeness: 0.0007153
Centrality: 0.4085566
Communicability: 4.05308378662e+17
Density: 0.0020975
Diameter: 4.0
Eccentricity: 3.0
Pagerank: 0
Radius: 2.0
Square_clustering: 0.0025181
