Size: 3640
Order: 2108
Assortativity: -0.7037338
Transitivity: 0.00251
Degree: 0.0016391
Coreness: 1.0
Number_Triangles: 1.0
Number_Cliques: 2885
Clique_number: 4
Clustering: 0.2238673
Edge_connectivity: 1
Betweeness: 0.000807
Centrality: 0.3773194
Communicability: 1.06303804675e+15
Density: 0.0016391
Diameter: 4.0
Eccentricity: 3.0
Pagerank: 0
Radius: 2.0
Square_clustering: 0.0009639
