Size: 1674
Order: 512
Assortativity: -0.7799125
Transitivity: 0.0202
Degree: 0.0127966
Coreness: 3.0
Number_Triangles: 12.0
Number_Cliques: 668
Clique_number: 5
Clustering: 0.855025
Edge_connectivity: 1
Betweeness: 0.0019403
Centrality: 0.5036641
Communicability: 6.29589459164e+13
Density: 0.0127966
Diameter: 3.0
Eccentricity: 2.0
Pagerank: 0
Radius: 2.0
Square_clustering: 0.299944
