Size: 6547
Order: 2054
Assortativity: -0.7017543
Transitivity: 0.01339
Degree: 0.0031052
Coreness: 3.0
Number_Triangles: 13.0
Number_Cliques: 3305
Clique_number: 7
Clustering: 0.5659862
Edge_connectivity: 1
Betweeness: 0.0008196
Centrality: 0.3796091
Communicability: 7.66981721065e+22
Density: 0.0031052
Diameter: 4.0
Eccentricity: 3.0
Pagerank: 0.0004869
Radius: 2.0
Square_clustering: 0.0045822
