Size: 342
Order: 336
Assortativity: -0.8460366
Transitivity: 0.00045
Degree: 0.0060768
Coreness: 1.0
Number_Triangles: 0.0
Number_Cliques: 334
Clique_number: 3
Clustering: 0.0208634
Edge_connectivity: 1
Betweeness: 0.0034498
Centrality: 0.4693486
Communicability: 118458.642353
Density: 0.0060768
Diameter: 3.0
Eccentricity: 2.0
Pagerank: 0
Radius: 2.0
Square_clustering: 0.0059664
