Size: 628
Order: 628
Assortativity: -0.9968405
Transitivity: 2e-05
Degree: 0.0031898
Coreness: 1.0
Number_Triangles: 0.0
Number_Cliques: 626
Clique_number: 3
Clustering: 0.0031847
Edge_connectivity: 1
Betweeness: 0.0015923
Centrality: 0.5011959
Communicability: 119531317.122
Density: 0.0031898
Diameter: 2.0
Eccentricity: 1.0
Pagerank: 0
Radius: 1.0
Square_clustering: 0.0
