Size: 6104
Order: 2021
Assortativity: -0.8101213
Transitivity: 0.00674
Degree: 0.0029904
Coreness: 3.0
Number_Triangles: 8.0
Number_Cliques: 4102
Clique_number: 5
Clustering: 0.4657246
Edge_connectivity: 1
Betweeness: 0.0006619
Centrality: 0.4335361
Communicability: 6.25067892803e+22
Density: 0.0029904
Diameter: 4.0
Eccentricity: 3.0
Pagerank: 0
Radius: 2.0
Square_clustering: 0.0030771
