Size: 1123
Order: 318
Assortativity: -0.5777412
Transitivity: 0.11325
Degree: 0.0222804
Coreness: 3.0
Number_Triangles: 24.0
Number_Cliques: 563
Clique_number: 8
Clustering: 0.4653941
Edge_connectivity: 1
Betweeness: 0.0042069
Centrality: 0.4357132
Communicability: 18647300735.6
Density: 0.0222804
Diameter: 4.0
Eccentricity: 3.0
Pagerank: 0.0031447
Radius: 2.0
Square_clustering: 0.049961
