Size: 748
Order: 624
Assortativity: -0.6847543
Transitivity: 0.00133
Degree: 0.0038482
Coreness: 1.0
Number_Triangles: 0.0
Number_Cliques: 720
Clique_number: 4
Clustering: 0.0257464
Edge_connectivity: 1
Betweeness: 0.0027984
Centrality: 0.3722906
Communicability: 3205862.34798
Density: 0.0038482
Diameter: 4.0
Eccentricity: 3.0
Pagerank: 0
Radius: 2.0
Square_clustering: 0.0041173
