Size: 411
Order: 357
Assortativity: -0.7387369
Transitivity: 0.00214
Degree: 0.0064678
Coreness: 1.0
Number_Triangles: 0.0
Number_Cliques: 374
Clique_number: 3
Clustering: 0.0935181
Edge_connectivity: 1
Betweeness: 0.0033775
Centrality: 0.4630839
Communicability: 286597.047155
Density: 0.0064678
Diameter: 4.0
Eccentricity: 3.0
Pagerank: 0
Radius: 2.0
Square_clustering: 0.0059477
