Size: 758
Order: 534
Assortativity: -0.7368757
Transitivity: 0.00661
Degree: 0.0053264
Coreness: 1.0
Number_Triangles: 0.0
Number_Cliques: 666
Clique_number: 4
Clustering: 0.1037976
Edge_connectivity: 1
Betweeness: 0.0037042
Centrality: 0.3414191
Communicability: 40530.2339422
Density: 0.0053264
Diameter: 4.0
Eccentricity: 3.0
Pagerank: 0
Radius: 2.0
Square_clustering: 0.0028314
