Size: 13393
Order: 2088
Assortativity: -0.7784572
Transitivity: 0.03029
Degree: 0.0061469
Coreness: 6.0
Number_Triangles: 67.0
Number_Cliques: 12393
Clique_number: 11
Clustering: 0.5759661
Edge_connectivity: 1
Betweeness: 0.000653
Centrality: 0.4285723
Communicability: 1.2635722759e+36
Density: 0.0061469
Diameter: 4.0
Eccentricity: 3.0
Pagerank: 0.0004789
Radius: 2.0
Square_clustering: 0.0044937
