Size: 5696
Order: 576
Assortativity: -0.4269839
Transitivity: 0.18795
Degree: 0.0343961
Coreness: 10.0
Number_Triangles: 212.0
Number_Cliques: 8223
Clique_number: 18
Clustering: 0.6202041
Edge_connectivity: 1
Betweeness: 0.0016822
Centrality: 0.5097931
Communicability: 7.19127967547e+26
Density: 0.0343961
Diameter: 2.0
Eccentricity: 1.0
Pagerank: 0.0017361
Radius: 1.0
Square_clustering: 0.1742025
