Size: 473
Order: 365
Assortativity: -0.8491241
Transitivity: 0.00924
Degree: 0.0071203
Coreness: 1.0
Number_Triangles: 0.0
Number_Cliques: 402
Clique_number: 4
Clustering: 0.1467208
Edge_connectivity: 1
Betweeness: 0.0050889
Centrality: 0.3554766
Communicability: 4101.8154185
Density: 0.0071203
Diameter: 4.0
Eccentricity: 3.0
Pagerank: 0
Radius: 2.0
Square_clustering: 0.0029468
