Size: 546
Order: 544
Assortativity: -0.9753653
Transitivity: 6e-05
Degree: 0.0036968
Coreness: 1.0
Number_Triangles: 0.0
Number_Cliques: 542
Clique_number: 3
Clustering: 0.0057117
Edge_connectivity: 1
Betweeness: 0.0018649
Centrality: 0.4983511
Communicability: 22380673.9036
Density: 0.0036968
Diameter: 3.0
Eccentricity: 2.0
Pagerank: 0
Radius: 2.0
Square_clustering: 0.0036816
