Size: 554
Order: 318
Assortativity: -0.5134264
Transitivity: 0.02184
Degree: 0.0109914
Coreness: 1.0
Number_Triangles: 3.0
Number_Cliques: 488
Clique_number: 4
Clustering: 0.1370803
Edge_connectivity: 1
Betweeness: 0.0037971
Centrality: 0.460906
Communicability: 520082.595605
Density: 0.0109914
Diameter: 4.0
Eccentricity: 3.0
Pagerank: 0
Radius: 2.0
Square_clustering: 0.014577
