Size: 142
Order: 101
Assortativity: -0.5665587
Transitivity: 0.04988
Degree: 0.0281188
Coreness: 1.0
Number_Triangles: 1.0
Number_Cliques: 113
Clique_number: 4
Clustering: 0.1258294
Edge_connectivity: 1
Betweeness: 0.0146475
Centrality: 0.4168537
Communicability: 117.4103598
Density: 0.0281188
Diameter: 4.0
Eccentricity: 3.0
Pagerank: 0
Radius: 2.0
Square_clustering: 0.0582561
