Size: 632
Order: 582
Assortativity: -0.7477407
Transitivity: 0.00072
Degree: 0.0037381
Coreness: 1.0
Number_Triangles: 0.0
Number_Cliques: 599
Clique_number: 3
Clustering: 0.0527105
Edge_connectivity: 1
Betweeness: 0.0021698
Centrality: 0.4502731
Communicability: 12803867.0959
Density: 0.0037381
Diameter: 4.0
Eccentricity: 3.0
Pagerank: 0
Radius: 2.0
Square_clustering: 0.0028514
