Size: 1610
Order: 1106
Assortativity: -0.7474969
Transitivity: 0.00263
Degree: 0.0026347
Coreness: 1.0
Number_Triangles: 0.0
Number_Cliques: 1434
Clique_number: 4
Clustering: 0.1077449
Edge_connectivity: 1
Betweeness: 0.0017654
Centrality: 0.3434154
Communicability: 95747196.5516
Density: 0.0026347
Diameter: 4.0
Eccentricity: 3.0
Pagerank: 0
Radius: 2.0
Square_clustering: 0.0016133
