Size: 509
Order: 377
Assortativity: -0.8087497
Transitivity: 0.00873
Degree: 0.0071816
Coreness: 1.0
Number_Triangles: 1.0
Number_Cliques: 374
Clique_number: 4
Clustering: 0.2707254
Edge_connectivity: 1
Betweeness: 0.0033742
Centrality: 0.4450671
Communicability: 444784.006659
Density: 0.0071816
Diameter: 3.0
Eccentricity: 2.0
Pagerank: 0
Radius: 2.0
Square_clustering: 0.0077548
