Size: 596
Order: 560
Assortativity: -0.7564404
Transitivity: 0.00125
Degree: 0.0038078
Coreness: 1.0
Number_Triangles: 0.0
Number_Cliques: 563
Clique_number: 3
Clustering: 0.054773
Edge_connectivity: 1
Betweeness: 0.0028048
Centrality: 0.3944181
Communicability: 248490.846928
Density: 0.0038078
Diameter: 4.0
Eccentricity: 3.0
Pagerank: 0
Radius: 2.0
Square_clustering: 0.0023882
