Size: 199
Order: 189
Assortativity: -0.8482279
Transitivity: 0.00296
Degree: 0.0112012
Coreness: 1.0
Number_Triangles: 0.0
Number_Cliques: 187
Clique_number: 3
Clustering: 0.0582355
Edge_connectivity: 1
Betweeness: 0.0072499
Centrality: 0.4283072
Communicability: 765.9999943
Density: 0.0112012
Diameter: 3.0
Eccentricity: 2.0
Pagerank: 0
Radius: 2.0
Square_clustering: 0.0106712
