Size: 713
Order: 346
Assortativity: -0.6533924
Transitivity: 0.02509
Degree: 0.0119461
Coreness: 2.0
Number_Triangles: 5.0
Number_Cliques: 395
Clique_number: 5
Clustering: 0.4726169
Edge_connectivity: 1
Betweeness: 0.0032999
Centrality: 0.472456
Communicability: 30003740.0876
Density: 0.0119461
Diameter: 4.0
Eccentricity: 2.0
Pagerank: 0
Radius: 2.0
Square_clustering: 0.0206738
