Size: 714
Order: 528
Assortativity: -0.9372608
Transitivity: 0.00453
Degree: 0.005132
Coreness: 1.0
Number_Triangles: 1.0
Number_Cliques: 538
Clique_number: 3
Clustering: 0.3227564
Edge_connectivity: 1
Betweeness: 0.0023243
Centrality: 0.4531911
Communicability: 27482234.6324
Density: 0.005132
Diameter: 4.0
Eccentricity: 3.0
Pagerank: 0
Radius: 2.0
Square_clustering: 0.006804
