Size: 690
Order: 643
Assortativity: -0.8212127
Transitivity: 0.00102
Degree: 0.003343
Coreness: 1.0
Number_Triangles: 0.0
Number_Cliques: 641
Clique_number: 3
Clustering: 0.0746546
Edge_connectivity: 1
Betweeness: 0.0020504
Centrality: 0.4358575
Communicability: 9951475.97039
Density: 0.003343
Diameter: 3.0
Eccentricity: 2.0
Pagerank: 0
Radius: 2.0
Square_clustering: 0.0031639
