Size: 2520
Order: 1200
Assortativity: -0.7633456
Transitivity: 0.00635
Degree: 0.0035029
Coreness: 2.0
Number_Triangles: 5.0
Number_Cliques: 1234
Clique_number: 5
Clustering: 0.6347549
Edge_connectivity: 1
Betweeness: 0.0009152
Centrality: 0.4792296
Communicability: 1.0440695556e+16
Density: 0.0035029
Diameter: 4.0
Eccentricity: 3.0
Pagerank: 0
Radius: 2.0
Square_clustering: 0.0167357
