Size: 3053
Order: 1050
Assortativity: -0.6541041
Transitivity: 0.01608
Degree: 0.0055436
Coreness: 2.0
Number_Triangles: 10.0
Number_Cliques: 1589
Clique_number: 6
Clustering: 0.5465485
Edge_connectivity: 1
Betweeness: 0.0014328
Centrality: 0.4080379
Communicability: 1.72570599859e+16
Density: 0.0055436
Diameter: 4.0
Eccentricity: 3.0
Pagerank: 0
Radius: 2.0
Square_clustering: 0.019178
