Size: 167
Order: 100
Assortativity: -0.9621851
Transitivity: 0.02857
Degree: 0.0337374
Coreness: 1.0
Number_Triangles: 2.0
Number_Cliques: 98
Clique_number: 3
Clustering: 0.6804073
Edge_connectivity: 1
Betweeness: 0.0101175
Centrality: 0.5057945
Communicability: 3709.1825011
Density: 0.0337374
Diameter: 3.0
Eccentricity: 2.0
Pagerank: 0
Radius: 2.0
Square_clustering: 0.2572917
