Size: 1127
Order: 1005
Assortativity: -0.8082093
Transitivity: 0.00094
Degree: 0.0022339
Coreness: 1.0
Number_Triangles: 0.0
Number_Cliques: 1003
Clique_number: 3
Clustering: 0.1223913
Edge_connectivity: 1
Betweeness: 0.0012279
Centrality: 0.4521098
Communicability: 7292502047.68
Density: 0.0022339
Diameter: 3.0
Eccentricity: 2.0
Pagerank: 0
Radius: 2.0
Square_clustering: 0.0021165
