Size: 114
Order: 107
Assortativity: -0.8884824
Transitivity: 0.00428
Degree: 0.0201023
Coreness: 1.0
Number_Triangles: 0.0
Number_Cliques: 105
Clique_number: 3
Clustering: 0.0768566
Edge_connectivity: 1
Betweeness: 0.0093324
Centrality: 0.5073843
Communicability: 311.4052974
Density: 0.0201023
Diameter: 2.0
Eccentricity: 1.0
Pagerank: 0
Radius: 1.0
Square_clustering: 0.0934579
