Size: 630
Order: 619
Assortativity: -0.9476816
Transitivity: 0.00019
Degree: 0.0032938
Coreness: 1.0
Number_Triangles: 0.0
Number_Cliques: 617
Clique_number: 3
Clustering: 0.0194996
Edge_connectivity: 1
Betweeness: 0.0016459
Centrality: 0.4972909
Communicability: 91898512.4553
Density: 0.0032938
Diameter: 3.0
Eccentricity: 2.0
Pagerank: 0
Radius: 2.0
Square_clustering: 0.0032902
