Size: 211
Order: 110
Assortativity: -0.776314
Transitivity: 0.05281
Degree: 0.035196
Coreness: 2.0
Number_Triangles: 3.0
Number_Cliques: 123
Clique_number: 4
Clustering: 0.5655652
Edge_connectivity: 1
Betweeness: 0.0105922
Centrality: 0.4721992
Communicability: 4044.0342885
Density: 0.035196
Diameter: 4.0
Eccentricity: 2.0
Pagerank: 0.0090909
Radius: 2.0
Square_clustering: 0.0612066
