Size: 980
Order: 374
Assortativity: -0.4666893
Transitivity: 0.03354
Degree: 0.01405
Coreness: 2.0
Number_Triangles: 8.0
Number_Cliques: 599
Clique_number: 5
Clustering: 0.4774992
Edge_connectivity: 1
Betweeness: 0.0026504
Centrality: 0.5043291
Communicability: 375053639.876
Density: 0.01405
Diameter: 2.0
Eccentricity: 1.0
Pagerank: 0.0026738
Radius: 1.0
Square_clustering: 0.2152219
