Size: 1251
Order: 1200
Assortativity: -0.8132412
Transitivity: 0.00027
Degree: 0.0017389
Coreness: 1.0
Number_Triangles: 0.0
Number_Cliques: 1198
Clique_number: 3
Clustering: 0.0433357
Edge_connectivity: 1
Betweeness: 0.0009997
Centrality: 0.4594596
Communicability: 120794474971.0
Density: 0.0017389
Diameter: 3.0
Eccentricity: 2.0
Pagerank: 0
Radius: 2.0
Square_clustering: 0.0016821
