Size: 2918
Order: 1052
Assortativity: -0.7723932
Transitivity: 0.01147
Degree: 0.0052783
Coreness: 2.0
Number_Triangles: 8.0
Number_Cliques: 1828
Clique_number: 5
Clustering: 0.591464
Edge_connectivity: 1
Betweeness: 0.0011355
Centrality: 0.4594353
Communicability: 1.91234649699e+16
Density: 0.0052783
Diameter: 4.0
Eccentricity: 3.0
Pagerank: 0
Radius: 2.0
Square_clustering: 0.0066254
