Size: 786
Order: 301
Assortativity: -0.7418951
Transitivity: 0.03456
Degree: 0.0174086
Coreness: 2.0
Number_Triangles: 6.0
Number_Cliques: 587
Clique_number: 4
Clustering: 0.4275796
Edge_connectivity: 1
Betweeness: 0.0040573
Centrality: 0.4568476
Communicability: 64377341.3422
Density: 0.0174086
Diameter: 4.0
Eccentricity: 3.0
Pagerank: 0.0033223
Radius: 2.0
Square_clustering: 0.0241215
