Size: 405
Order: 345
Assortativity: -0.7775296
Transitivity: 0.00435
Degree: 0.0068251
Coreness: 1.0
Number_Triangles: 0.0
Number_Cliques: 341
Clique_number: 5
Clustering: 0.1127864
Edge_connectivity: 1
Betweeness: 0.0028956
Centrality: 0.5024388
Communicability: 478872.737492
Density: 0.0068251
Diameter: 2.0
Eccentricity: 1.0
Pagerank: 0
Radius: 1.0
Square_clustering: 0.0985893
