Size: 6933
Order: 1053
Assortativity: -0.497712
Transitivity: 0.03907
Degree: 0.0125172
Coreness: 6.0
Number_Triangles: 58.0
Number_Cliques: 6483
Clique_number: 9
Clustering: 0.5330302
Edge_connectivity: 1
Betweeness: 0.0009396
Centrality: 0.5036446
Communicability: 7.98678219343e+25
Density: 0.0125172
Diameter: 2.0
Eccentricity: 1.0
Pagerank: 0.0009497
Radius: 1.0
Square_clustering: 0.0960961
