Size: 117
Order: 105
Assortativity: -0.8290173
Transitivity: 0.00984
Degree: 0.0214286
Coreness: 1.0
Number_Triangles: 0.0
Number_Cliques: 103
Clique_number: 3
Clustering: 0.1240433
Edge_connectivity: 1
Betweeness: 0.0121608
Centrality: 0.4494786
Communicability: 129.6767465
Density: 0.0214286
Diameter: 3.0
Eccentricity: 2.0
Pagerank: 0
Radius: 2.0
Square_clustering: 0.0200328
