Size: 572
Order: 322
Assortativity: -0.5865164
Transitivity: 0.01594
Degree: 0.0110679
Coreness: 1.0
Number_Triangles: 3.0
Number_Cliques: 366
Clique_number: 4
Clustering: 0.4392799
Edge_connectivity: 1
Betweeness: 0.0030904
Centrality: 0.503627
Communicability: 3100632.006
Density: 0.0110679
Diameter: 2.0
Eccentricity: 1.0
Pagerank: 0
Radius: 1.0
Square_clustering: 0.2938623
