Size: 440
Order: 384
Assortativity: -0.8232424
Transitivity: 0.00232
Degree: 0.0059835
Coreness: 1.0
Number_Triangles: 0.0
Number_Cliques: 382
Clique_number: 3
Clustering: 0.1485181
Edge_connectivity: 1
Betweeness: 0.0026478
Centrality: 0.4984189
Communicability: 1133386.69761
Density: 0.0059835
Diameter: 3.0
Eccentricity: 2.0
Pagerank: 0
Radius: 2.0
Square_clustering: 0.0114117
