Size: 9911
Order: 2018
Assortativity: -0.3217815
Transitivity: 0.02093
Degree: 0.0048699
Coreness: 5.0
Number_Triangles: 35.0
Number_Cliques: 5858
Clique_number: 10
Clustering: 0.6434219
Edge_connectivity: 1
Betweeness: 0.0004936
Centrality: 0.5013906
Communicability: 1.44520870116e+26
Density: 0.0048699
Diameter: 2.0
Eccentricity: 1.0
Pagerank: 0.0004955
Radius: 1.0
Square_clustering: 0.1256162
