Size: 182
Order: 123
Assortativity: -0.8938957
Transitivity: 0.02024
Degree: 0.024257
Coreness: 1.0
Number_Triangles: 1.0
Number_Cliques: 121
Clique_number: 3
Clustering: 0.4880934
Edge_connectivity: 1
Betweeness: 0.0084804
Centrality: 0.496864
Communicability: 3347.144325
Density: 0.024257
Diameter: 3.0
Eccentricity: 2.0
Pagerank: 0
Radius: 2.0
Square_clustering: 0.0821194
