Size: 1886
Order: 302
Assortativity: -0.6879297
Transitivity: 0.11919
Degree: 0.0414952
Coreness: 6.0
Number_Triangles: 45.0
Number_Cliques: 1323
Clique_number: 8
Clustering: 0.6016469
Edge_connectivity: 1
Betweeness: 0.0039852
Centrality: 0.4603623
Communicability: 6.52593643709e+12
Density: 0.0414952
Diameter: 4.0
Eccentricity: 3.0
Pagerank: 0.0033113
Radius: 2.0
Square_clustering: 0.0355282
