Size: 673
Order: 558
Assortativity: -0.8723864
Transitivity: 0.0028
Degree: 0.0043307
Coreness: 1.0
Number_Triangles: 0.0
Number_Cliques: 556
Clique_number: 3
Clustering: 0.2078951
Edge_connectivity: 1
Betweeness: 0.0022258
Centrality: 0.4504814
Communicability: 11323111.494
Density: 0.0043307
Diameter: 3.0
Eccentricity: 2.0
Pagerank: 0
Radius: 2.0
Square_clustering: 0.0042184
