Size: 192
Order: 122
Assortativity: -0.934557
Transitivity: 0.0222
Degree: 0.0260127
Coreness: 1.0
Number_Triangles: 1.0
Number_Cliques: 120
Clique_number: 3
Clustering: 0.5822465
Edge_connectivity: 1
Betweeness: 0.0084485
Centrality: 0.4997405
Communicability: 5876.2409553
Density: 0.0260127
Diameter: 3.0
Eccentricity: 2.0
Pagerank: 0
Radius: 2.0
Square_clustering: 0.1283102
