Size: 700
Order: 331
Assortativity: -0.6996449
Transitivity: 0.03771
Degree: 0.012817
Coreness: 2.0
Number_Triangles: 5.0
Number_Cliques: 416
Clique_number: 5
Clustering: 0.4024323
Edge_connectivity: 1
Betweeness: 0.0042932
Centrality: 0.4206355
Communicability: 4221931.97076
Density: 0.012817
Diameter: 4.0
Eccentricity: 3.0
Pagerank: 0.0030211
Radius: 2.0
Square_clustering: 0.0115872
