Size: 980
Order: 592
Assortativity: -0.7970765
Transitivity: 0.00497
Degree: 0.005602
Coreness: 1.0
Number_Triangles: 1.0
Number_Cliques: 806
Clique_number: 3
Clustering: 0.2111969
Edge_connectivity: 1
Betweeness: 0.0023817
Centrality: 0.4223391
Communicability: 143283285.584
Density: 0.005602
Diameter: 4.0
Eccentricity: 3.0
Pagerank: 0
Radius: 2.0
Square_clustering: 0.0047791
