Size: 1951
Order: 301
Assortativity: -0.5222192
Transitivity: 0.2042
Degree: 0.0432115
Coreness: 7.0
Number_Triangles: 65.0
Number_Cliques: 963
Clique_number: 13
Clustering: 0.5594261
Edge_connectivity: 1
Betweeness: 0.0046956
Centrality: 0.424506
Communicability: 2.42628585105e+13
Density: 0.0432115
Diameter: 4.0
Eccentricity: 3.0
Pagerank: 0.0033223
Radius: 2.0
Square_clustering: 0.0316432
