Size: 458
Order: 352
Assortativity: -0.8927669
Transitivity: 0.0057
Degree: 0.0074139
Coreness: 1.0
Number_Triangles: 0.0
Number_Cliques: 350
Clique_number: 3
Clustering: 0.3040061
Edge_connectivity: 1
Betweeness: 0.0033438
Centrality: 0.4641868
Communicability: 623470.593037
Density: 0.0074139
Diameter: 3.0
Eccentricity: 2.0
Pagerank: 0
Radius: 2.0
Square_clustering: 0.0085883
