Size: 4132
Order: 2077
Assortativity: -0.6951262
Transitivity: 0.00441
Degree: 0.0019166
Coreness: 2.0
Number_Triangles: 2.0
Number_Cliques: 2933
Clique_number: 5
Clustering: 0.2912827
Edge_connectivity: 1
Betweeness: 0.0008711
Centrality: 0.3628157
Communicability: 6.85420780836e+14
Density: 0.0019166
Diameter: 4.0
Eccentricity: 3.0
Pagerank: 0
Radius: 2.0
Square_clustering: 0.0017034
