Size: 649
Order: 627
Assortativity: -0.8582413
Transitivity: 0.0004
Degree: 0.003307
Coreness: 1.0
Number_Triangles: 0.0
Number_Cliques: 625
Clique_number: 3
Clustering: 0.0367016
Edge_connectivity: 1
Betweeness: 0.0017737
Centrality: 0.4779149
Communicability: 56728945.331
Density: 0.003307
Diameter: 3.0
Eccentricity: 2.0
Pagerank: 0
Radius: 2.0
Square_clustering: 0.0032265
