Size: 4321
Order: 1005
Assortativity: -0.795545
Transitivity: 0.02971
Degree: 0.0085647
Coreness: 4.0
Number_Triangles: 20.0
Number_Cliques: 2680
Clique_number: 8
Clustering: 0.4990264
Edge_connectivity: 1
Betweeness: 0.00142
Centrality: 0.4179143
Communicability: 7.32061427403e+17
Density: 0.0085647
Diameter: 4.0
Eccentricity: 3.0
Pagerank: 0.000995
Radius: 2.0
Square_clustering: 0.0089132
