Size: 12384
Order: 2003
Assortativity: -0.700354
Transitivity: 0.02839
Degree: 0.0061765
Coreness: 6.0
Number_Triangles: 37.0
Number_Cliques: 11513
Clique_number: 7
Clustering: 0.4189147
Edge_connectivity: 1
Betweeness: 0.0007607
Centrality: 0.4022663
Communicability: 3.01902338956e+26
Density: 0.0061765
Diameter: 4.0
Eccentricity: 3.0
Pagerank: 0.0004993
Radius: 2.0
Square_clustering: 0.0027827
