Size: 381
Order: 344
Assortativity: -0.8514341
Transitivity: 0.00353
Degree: 0.0064581
Coreness: 1.0
Number_Triangles: 0.0
Number_Cliques: 347
Clique_number: 3
Clustering: 0.0911238
Edge_connectivity: 1
Betweeness: 0.0046818
Centrality: 0.3886872
Communicability: 5493.8586531
Density: 0.0064581
Diameter: 4.0
Eccentricity: 3.0
Pagerank: 0
Radius: 2.0
Square_clustering: 0.0044084
