Size: 1090
Order: 522
Assortativity: -0.6299812
Transitivity: 0.0146
Degree: 0.0080158
Coreness: 2.0
Number_Triangles: 5.0
Number_Cliques: 575
Clique_number: 6
Clustering: 0.579481
Edge_connectivity: 1
Betweeness: 0.0019077
Centrality: 0.5026057
Communicability: 7822349527.43
Density: 0.0080158
Diameter: 2.0
Eccentricity: 1.0
Pagerank: 0
Radius: 1.0
Square_clustering: 0.4148231
