Size: 3481
Order: 2149
Assortativity: -0.8479875
Transitivity: 0.00363
Degree: 0.0015082
Coreness: 1.0
Number_Triangles: 2.0
Number_Cliques: 2469
Clique_number: 6
Clustering: 0.3048994
Edge_connectivity: 1
Betweeness: 0.0007843
Centrality: 0.3767447
Communicability: 2.09183635865e+14
Density: 0.0015082
Diameter: 4.0
Eccentricity: 3.0
Pagerank: 0
Radius: 2.0
Square_clustering: 0.0033013
