Size: 579
Order: 379
Assortativity: -0.815847
Transitivity: 0.0129
Degree: 0.0080831
Coreness: 1.0
Number_Triangles: 1.0
Number_Cliques: 454
Clique_number: 4
Clustering: 0.2139044
Edge_connectivity: 1
Betweeness: 0.0040464
Centrality: 0.4017894
Communicability: 436147.79647
Density: 0.0080831
Diameter: 4.0
Eccentricity: 3.0
Pagerank: 0
Radius: 2.0
Square_clustering: 0.0054138
