Size: 366
Order: 364
Assortativity: -0.9362608
Transitivity: 0.00014
Degree: 0.0055399
Coreness: 1.0
Number_Triangles: 0.0
Number_Cliques: 362
Clique_number: 3
Clustering: 0.0083325
Edge_connectivity: 1
Betweeness: 0.0028931
Centrality: 0.4910174
Communicability: 400984.598522
Density: 0.0055399
Diameter: 3.0
Eccentricity: 2.0
Pagerank: 0
Radius: 2.0
Square_clustering: 0.0054992
