Size: 1602
Order: 517
Assortativity: -0.8448573
Transitivity: 0.02436
Degree: 0.0120103
Coreness: 3.0
Number_Triangles: 11.0
Number_Cliques: 905
Clique_number: 5
Clustering: 0.631723
Edge_connectivity: 1
Betweeness: 0.0022626
Centrality: 0.4657143
Communicability: 1.04285680579e+13
Density: 0.0120103
Diameter: 4.0
Eccentricity: 3.0
Pagerank: 0
Radius: 2.0
Square_clustering: 0.0701208
