Size: 9803
Order: 1021
Assortativity: -0.5853025
Transitivity: 0.11752
Degree: 0.0188262
Coreness: 10.0
Number_Triangles: 147.0
Number_Cliques: 12924
Clique_number: 12
Clustering: 0.5463028
Edge_connectivity: 1
Betweeness: 0.0014646
Centrality: 0.4086005
Communicability: 4.13048668898e+28
Density: 0.0188262
Diameter: 4.0
Eccentricity: 3.0
Pagerank: 0.0009794
Radius: 2.0
Square_clustering: 0.0104413
