Size: 9367
Order: 2117
Assortativity: -0.6475422
Transitivity: 0.01756
Degree: 0.0041821
Coreness: 4.0
Number_Triangles: 27.0
Number_Cliques: 6120
Clique_number: 8
Clustering: 0.5351736
Edge_connectivity: 1
Betweeness: 0.0006074
Centrality: 0.4415567
Communicability: 9.24451354721e+26
Density: 0.0041821
Diameter: 4.0
Eccentricity: 3.0
Pagerank: 0.0004724
Radius: 2.0
Square_clustering: 0.0034281
