Size: 376
Order: 372
Assortativity: -0.9555816
Transitivity: 0.00022
Degree: 0.0054488
Coreness: 1.0
Number_Triangles: 0.0
Number_Cliques: 370
Clique_number: 3
Clustering: 0.0137397
Edge_connectivity: 1
Betweeness: 0.0027445
Centrality: 0.4976417
Communicability: 570788.097478
Density: 0.0054488
Diameter: 3.0
Eccentricity: 2.0
Pagerank: 0
Radius: 2.0
Square_clustering: 0.0054135
