Size: 3069
Order: 2142
Assortativity: -0.7468529
Transitivity: 0.00152
Degree: 0.0013384
Coreness: 1.0
Number_Triangles: 0.0
Number_Cliques: 2729
Clique_number: 3
Clustering: 0.121285
Edge_connectivity: 1
Betweeness: 0.0008243
Centrality: 0.3664255
Communicability: 4.30513089055e+12
Density: 0.0013384
Diameter: 4.0
Eccentricity: 3.0
Pagerank: 0
Radius: 2.0
Square_clustering: 0.0004345
