Size: 3469
Order: 2035
Assortativity: -0.5894903
Transitivity: 0.00337
Degree: 0.0016762
Coreness: 1.0
Number_Triangles: 1.0
Number_Cliques: 2718
Clique_number: 5
Clustering: 0.2052515
Edge_connectivity: 1
Betweeness: 0.0007948
Centrality: 0.388244
Communicability: 4.00007451304e+13
Density: 0.0016762
Diameter: 4.0
Eccentricity: 3.0
Pagerank: 0
Radius: 2.0
Square_clustering: 0.0008151
