Size: 1588
Order: 1150
Assortativity: -0.835762
Transitivity: 0.00218
Degree: 0.0024036
Coreness: 1.0
Number_Triangles: 0.0
Number_Cliques: 1496
Clique_number: 3
Clustering: 0.0619839
Edge_connectivity: 1
Betweeness: 0.0017498
Centrality: 0.3361912
Communicability: 80973172.6291
Density: 0.0024036
Diameter: 4.0
Eccentricity: 3.0
Pagerank: 0
Radius: 2.0
Square_clustering: 0.001408
