Size: 4331
Order: 2386
Assortativity: -0.7686101
Transitivity: 0.00238
Degree: 0.0015222
Coreness: 1.0
Number_Triangles: 2.0
Number_Cliques: 3170
Clique_number: 4
Clustering: 0.3322128
Edge_connectivity: 1
Betweeness: 0.0006393
Centrality: 0.4028373
Communicability: 7.17408280157e+17
Density: 0.0015222
Diameter: 4.0
Eccentricity: 3.0
Pagerank: 0
Radius: 2.0
Square_clustering: 0.0011626
