Size: 1149
Order: 1008
Assortativity: -0.8001663
Transitivity: 0.00096
Degree: 0.0022639
Coreness: 1.0
Number_Triangles: 0.0
Number_Cliques: 1006
Clique_number: 3
Clustering: 0.1408784
Edge_connectivity: 1
Betweeness: 0.0011322
Centrality: 0.4710823
Communicability: 25963981154.7
Density: 0.0022639
Diameter: 3.0
Eccentricity: 2.0
Pagerank: 0
Radius: 2.0
Square_clustering: 0.0022606
