Size: 10499
Order: 512
Assortativity: -0.6214904
Transitivity: 0.26865
Degree: 0.0802578
Coreness: 23.0
Number_Triangles: 744.0
Number_Cliques: 34511
Clique_number: 23
Clustering: 0.6560122
Edge_connectivity: 1
Betweeness: 0.0021591
Centrality: 0.4836457
Communicability: 4.04832093473e+40
Density: 0.0802578
Diameter: 4.0
Eccentricity: 3.0
Pagerank: 0.0019531
Radius: 2.0
Square_clustering: 0.0447095
