Size: 3045
Order: 2035
Assortativity: -0.5505909
Transitivity: 0.00194
Degree: 0.0014713
Coreness: 1.0
Number_Triangles: 1.0
Number_Cliques: 2322
Clique_number: 5
Clustering: 0.2526339
Edge_connectivity: 1
Betweeness: 0.0005403
Centrality: 0.4798331
Communicability: 3.8572869634e+16
Density: 0.0014713
Diameter: 4.0
Eccentricity: 3.0
Pagerank: 0
Radius: 2.0
Square_clustering: 0.0023194
