Size: 8017
Order: 2027
Assortativity: -0.6271962
Transitivity: 0.01339
Degree: 0.0039043
Coreness: 4.0
Number_Triangles: 17.0
Number_Cliques: 5309
Clique_number: 6
Clustering: 0.5384445
Edge_connectivity: 1
Betweeness: 0.0007026
Centrality: 0.4195013
Communicability: 4.34236457307e+24
Density: 0.0039043
Diameter: 4.0
Eccentricity: 3.0
Pagerank: 0.0004933
Radius: 2.0
Square_clustering: 0.003749
