Size: 5966
Order: 2000
Assortativity: -0.6940274
Transitivity: 0.02251
Degree: 0.0029845
Coreness: 3.0
Number_Triangles: 14.0
Number_Cliques: 3381
Clique_number: 7
Clustering: 0.4990109
Edge_connectivity: 1
Betweeness: 0.0009406
Centrality: 0.3513957
Communicability: 1.61256404031e+20
Density: 0.0029845
Diameter: 4.0
Eccentricity: 3.0
Pagerank: 0
Radius: 2.0
Square_clustering: 0.0124536
