Size: 166
Order: 129
Assortativity: -0.8508664
Transitivity: 0.02058
Degree: 0.0201066
Coreness: 1.0
Number_Triangles: 0.0
Number_Cliques: 139
Clique_number: 3
Clustering: 0.1632886
Edge_connectivity: 1
Betweeness: 0.0111539
Centrality: 0.4206193
Communicability: 322.2685669
Density: 0.0201066
Diameter: 4.0
Eccentricity: 3.0
Pagerank: 0
Radius: 2.0
Square_clustering: 0.0190005
