Size: 1105
Order: 1054
Assortativity: -0.8542376
Transitivity: 0.00031
Degree: 0.0019912
Coreness: 1.0
Number_Triangles: 0.0
Number_Cliques: 1052
Clique_number: 3
Clustering: 0.049344
Edge_connectivity: 1
Betweeness: 0.0010423
Centrality: 0.4802015
Communicability: 52896721772.0
Density: 0.0019912
Diameter: 3.0
Eccentricity: 2.0
Pagerank: 0
Radius: 2.0
Square_clustering: 0.0019435
