Size: 377
Order: 328
Assortativity: -0.9170166
Transitivity: 0.00402
Degree: 0.0070299
Coreness: 1.0
Number_Triangles: 0.0
Number_Cliques: 326
Clique_number: 3
Clustering: 0.152459
Edge_connectivity: 1
Betweeness: 0.0040343
Centrality: 0.435259
Communicability: 37629.3056547
Density: 0.0070299
Diameter: 3.0
Eccentricity: 2.0
Pagerank: 0
Radius: 2.0
Square_clustering: 0.0065286
