Size: 501
Order: 380
Assortativity: -0.8205747
Transitivity: 0.0049
Degree: 0.0069574
Coreness: 1.0
Number_Triangles: 0.0
Number_Cliques: 378
Clique_number: 3
Clustering: 0.3210897
Edge_connectivity: 1
Betweeness: 0.0027925
Centrality: 0.4887491
Communicability: 2640138.01147
Density: 0.0069574
Diameter: 3.0
Eccentricity: 2.0
Pagerank: 0
Radius: 2.0
Square_clustering: 0.0136644
