Size: 729
Order: 625
Assortativity: -0.8824127
Transitivity: 0.00269
Degree: 0.0037385
Coreness: 1.0
Number_Triangles: 0.0
Number_Cliques: 659
Clique_number: 3
Clustering: 0.0907057
Edge_connectivity: 1
Betweeness: 0.0023298
Centrality: 0.4109903
Communicability: 1548722.60153
Density: 0.0037385
Diameter: 4.0
Eccentricity: 3.0
Pagerank: 0
Radius: 2.0
Square_clustering: 0.0035161
