Size: 757
Order: 511
Assortativity: -0.7509004
Transitivity: 0.01158
Degree: 0.0058094
Coreness: 1.0
Number_Triangles: 1.0
Number_Cliques: 612
Clique_number: 4
Clustering: 0.1731444
Edge_connectivity: 1
Betweeness: 0.0032042
Centrality: 0.3835482
Communicability: 180602.057917
Density: 0.0058094
Diameter: 4.0
Eccentricity: 3.0
Pagerank: 0
Radius: 2.0
Square_clustering: 0.0164206
