Size: 2096
Order: 639
Assortativity: -0.5496908
Transitivity: 0.02727
Degree: 0.0102825
Coreness: 3.0
Number_Triangles: 16.0
Number_Cliques: 855
Clique_number: 8
Clustering: 0.7242446
Edge_connectivity: 1
Betweeness: 0.0015537
Centrality: 0.5032011
Communicability: 1.25492139034e+14
Density: 0.0102825
Diameter: 2.0
Eccentricity: 1.0
Pagerank: 0.0015649
Radius: 1.0
Square_clustering: 0.304329
