Size: 13146
Order: 2009
Assortativity: -0.7392409
Transitivity: 0.04008
Degree: 0.0065175
Coreness: 6.0
Number_Triangles: 76.0
Number_Cliques: 10648
Clique_number: 11
Clustering: 0.5446713
Edge_connectivity: 1
Betweeness: 0.0007574
Centrality: 0.4032266
Communicability: 3.15867854787e+35
Density: 0.0065175
Diameter: 4.0
Eccentricity: 3.0
Pagerank: 0.0004978
Radius: 2.0
Square_clustering: 0.0059736
