Size: 24095
Order: 2089
Assortativity: -0.5784683
Transitivity: 0.07595
Degree: 0.0110481
Coreness: 12.0
Number_Triangles: 204.0
Number_Cliques: 71335
Clique_number: 14
Clustering: 0.5410025
Edge_connectivity: 1
Betweeness: 0.0006682
Centrality: 0.4222942
Communicability: 8.89130119762e+42
Density: 0.0110481
Diameter: 4.0
Eccentricity: 3.0
Pagerank: 0.0004787
Radius: 2.0
Square_clustering: 0.0043302
