Size: 1395
Order: 516
Assortativity: -0.6490376
Transitivity: 0.04384
Degree: 0.010499
Coreness: 2.0
Number_Triangles: 8.0
Number_Cliques: 710
Clique_number: 6
Clustering: 0.5465367
Edge_connectivity: 1
Betweeness: 0.0037736
Centrality: 0.3464306
Communicability: 1044173324.79
Density: 0.010499
Diameter: 4.0
Eccentricity: 3.0
Pagerank: 0.001938
Radius: 2.0
Square_clustering: 0.0238068
