Size: 986
Order: 523
Assortativity: -0.7146906
Transitivity: 0.00593
Degree: 0.0072233
Coreness: 1.0
Number_Triangles: 1.0
Number_Cliques: 856
Clique_number: 3
Clustering: 0.2134501
Edge_connectivity: 1
Betweeness: 0.002365
Centrality: 0.4532731
Communicability: 573187539.786
Density: 0.0072233
Diameter: 4.0
Eccentricity: 3.0
Pagerank: 0
Radius: 2.0
Square_clustering: 0.0233232
