Size: 794
Order: 354
Assortativity: -0.8651694
Transitivity: 0.01839
Degree: 0.0127079
Coreness: 2.0
Number_Triangles: 4.0
Number_Cliques: 483
Clique_number: 4
Clustering: 0.4144793
Edge_connectivity: 1
Betweeness: 0.0032101
Centrality: 0.4726411
Communicability: 430446089.597
Density: 0.0127079
Diameter: 4.0
Eccentricity: 2.0
Pagerank: 0
Radius: 2.0
Square_clustering: 0.0413129
