Size: 717
Order: 623
Assortativity: -0.8133093
Transitivity: 0.00151
Degree: 0.0037006
Coreness: 1.0
Number_Triangles: 0.0
Number_Cliques: 621
Clique_number: 3
Clustering: 0.1525129
Edge_connectivity: 1
Betweeness: 0.0016763
Centrality: 0.4918194
Communicability: 132279918.339
Density: 0.0037006
Diameter: 3.0
Eccentricity: 2.0
Pagerank: 0
Radius: 2.0
Square_clustering: 0.004849
