Size: 143
Order: 127
Assortativity: -0.6947556
Transitivity: 0.00931
Degree: 0.0178728
Coreness: 1.0
Number_Triangles: 0.0
Number_Cliques: 126
Clique_number: 3
Clustering: 0.1161066
Edge_connectivity: 1
Betweeness: 0.0118575
Centrality: 0.41198
Communicability: 179.508107
Density: 0.0178728
Diameter: 4.0
Eccentricity: 3.0
Pagerank: 0
Radius: 2.0
Square_clustering: 0.0144326
