Size: 116
Order: 107
Assortativity: -0.8604737
Transitivity: 0.00542
Degree: 0.0204549
Coreness: 1.0
Number_Triangles: 0.0
Number_Cliques: 105
Clique_number: 3
Clustering: 0.0948911
Edge_connectivity: 1
Betweeness: 0.0094869
Centrality: 0.5038861
Communicability: 310.0384364
Density: 0.0204549
Diameter: 3.0
Eccentricity: 2.0
Pagerank: 0
Radius: 2.0
Square_clustering: 0.0268578
