Size: 4733
Order: 2171
Assortativity: -0.7460714
Transitivity: 0.00606
Degree: 0.0020093
Coreness: 2.0
Number_Triangles: 5.0
Number_Cliques: 2955
Clique_number: 6
Clustering: 0.4146431
Edge_connectivity: 1
Betweeness: 0.0007042
Centrality: 0.4013869
Communicability: 1.10665857602e+18
Density: 0.0020093
Diameter: 4.0
Eccentricity: 3.0
Pagerank: 0
Radius: 2.0
Square_clustering: 0.0013372
