Size: 154
Order: 126
Assortativity: -0.9725747
Transitivity: 0.01792
Degree: 0.0195556
Coreness: 1.0
Number_Triangles: 0.0
Number_Cliques: 132
Clique_number: 3
Clustering: 0.1484464
Edge_connectivity: 1
Betweeness: 0.0132401
Centrality: 0.3838497
Communicability: 89.8571624
Density: 0.0195556
Diameter: 4.0
Eccentricity: 3.0
Pagerank: 0
Radius: 2.0
Square_clustering: 0.0137912
