Size: 1505
Order: 1015
Assortativity: -0.844514
Transitivity: 0.00489
Degree: 0.0029246
Coreness: 1.0
Number_Triangles: 1.0
Number_Cliques: 1236
Clique_number: 3
Clustering: 0.2101984
Edge_connectivity: 1
Betweeness: 0.0018617
Centrality: 0.3519224
Communicability: 135139196.29
Density: 0.0029246
Diameter: 4.0
Eccentricity: 3.0
Pagerank: 0
Radius: 2.0
Square_clustering: 0.001627
