Size: 327
Order: 306
Assortativity: -0.9779981
Transitivity: 0.00245
Degree: 0.0070074
Coreness: 1.0
Number_Triangles: 0.0
Number_Cliques: 304
Clique_number: 3
Clustering: 0.0719065
Edge_connectivity: 1
Betweeness: 0.004652
Centrality: 0.4162596
Communicability: 5148.0556523
Density: 0.0070074
Diameter: 3.0
Eccentricity: 2.0
Pagerank: 0
Radius: 2.0
Square_clustering: 0.0066127
