Size: 603
Order: 572
Assortativity: -0.8941306
Transitivity: 0.0006
Degree: 0.0036925
Coreness: 1.0
Number_Triangles: 0.0
Number_Cliques: 570
Clique_number: 3
Clustering: 0.0560161
Edge_connectivity: 1
Betweeness: 0.0017878
Centrality: 0.4965682
Communicability: 39912911.0692
Density: 0.0036925
Diameter: 3.0
Eccentricity: 2.0
Pagerank: 0
Radius: 2.0
Square_clustering: 0.0039592
