Size: 2955
Order: 1020
Assortativity: -0.8614878
Transitivity: 0.0143
Degree: 0.0056861
Coreness: 2.0
Number_Triangles: 10.0
Number_Cliques: 1593
Clique_number: 5
Clustering: 0.5815335
Edge_connectivity: 1
Betweeness: 0.001229
Centrality: 0.4481444
Communicability: 4.85832379221e+16
Density: 0.0056861
Diameter: 4.0
Eccentricity: 3.0
Pagerank: 0
Radius: 2.0
Square_clustering: 0.0078568
