Size: 2782
Order: 2009
Assortativity: -0.9590379
Transitivity: 0.00117
Degree: 0.0013793
Coreness: 1.0
Number_Triangles: 1.0
Number_Cliques: 2007
Clique_number: 3
Clustering: 0.3852672
Edge_connectivity: 1
Betweeness: 0.0005807
Centrality: 0.4641833
Communicability: 1.7448459993e+17
Density: 0.0013793
Diameter: 3.0
Eccentricity: 2.0
Pagerank: 0
Radius: 2.0
Square_clustering: 0.0018783
