Size: 609
Order: 389
Assortativity: -0.7452555
Transitivity: 0.01127
Degree: 0.0080699
Coreness: 1.0
Number_Triangles: 2.0
Number_Cliques: 386
Clique_number: 4
Clustering: 0.3934312
Edge_connectivity: 1
Betweeness: 0.0029259
Centrality: 0.4724565
Communicability: 6813518.5199
Density: 0.0080699
Diameter: 3.0
Eccentricity: 2.0
Pagerank: 0
Radius: 2.0
Square_clustering: 0.0112419
