Size: 731
Order: 611
Assortativity: -0.9947676
Transitivity: 0.00271
Degree: 0.0039226
Coreness: 1.0
Number_Triangles: 0.0
Number_Cliques: 609
Clique_number: 3
Clustering: 0.198042
Edge_connectivity: 1
Betweeness: 0.0021587
Centrality: 0.4347184
Communicability: 10322875.0587
Density: 0.0039226
Diameter: 3.0
Eccentricity: 2.0
Pagerank: 0
Radius: 2.0
Square_clustering: 0.0036728
