Size: 156
Order: 119
Assortativity: -0.7897329
Transitivity: 0.01991
Degree: 0.0222191
Coreness: 1.0
Number_Triangles: 0.0
Number_Cliques: 122
Clique_number: 3
Clustering: 0.2536331
Edge_connectivity: 1
Betweeness: 0.0103657
Centrality: 0.4569543
Communicability: 439.0990596
Density: 0.0222191
Diameter: 3.0
Eccentricity: 2.0
Pagerank: 0
Radius: 2.0
Square_clustering: 0.0727783
