Size: 379
Order: 363
Assortativity: -0.9142738
Transitivity: 0.00079
Degree: 0.0057684
Coreness: 1.0
Number_Triangles: 0.0
Number_Cliques: 361
Clique_number: 3
Clustering: 0.0470792
Edge_connectivity: 1
Betweeness: 0.0027829
Centrality: 0.4999345
Communicability: 515233.259723
Density: 0.0057684
Diameter: 3.0
Eccentricity: 2.0
Pagerank: 0
Radius: 2.0
Square_clustering: 0.0065801
