Size: 857
Order: 596
Assortativity: -0.8625063
Transitivity: 0.0058
Degree: 0.0048333
Coreness: 1.0
Number_Triangles: 1.0
Number_Cliques: 593
Clique_number: 4
Clustering: 0.3859569
Edge_connectivity: 1
Betweeness: 0.0021033
Centrality: 0.4479014
Communicability: 96692123.5469
Density: 0.0048333
Diameter: 3.0
Eccentricity: 2.0
Pagerank: 0
Radius: 2.0
Square_clustering: 0.0037979
