Size: 2220
Order: 1152
Assortativity: -0.8842735
Transitivity: 0.00059
Degree: 0.0033485
Coreness: 1.0
Number_Triangles: 0.0
Number_Cliques: 2161
Clique_number: 3
Clustering: 0.0289823
Edge_connectivity: 1
Betweeness: 0.0011542
Centrality: 0.4366989
Communicability: 3.15048288822e+14
Density: 0.0033485
Diameter: 4.0
Eccentricity: 3.0
Pagerank: 0
Radius: 2.0
Square_clustering: 0.0103567
