Size: 652
Order: 645
Assortativity: -0.9571353
Transitivity: 0.00012
Degree: 0.0031393
Coreness: 1.0
Number_Triangles: 0.0
Number_Cliques: 643
Clique_number: 3
Clustering: 0.0125065
Edge_connectivity: 1
Betweeness: 0.0015832
Centrality: 0.496744
Communicability: 143949125.257
Density: 0.0031393
Diameter: 3.0
Eccentricity: 2.0
Pagerank: 0
Radius: 2.0
Square_clustering: 0.0031205
