Size: 1436
Order: 1098
Assortativity: -0.8793171
Transitivity: 0.00184
Degree: 0.0023844
Coreness: 1.0
Number_Triangles: 0.0
Number_Cliques: 1102
Clique_number: 3
Clustering: 0.3020774
Edge_connectivity: 1
Betweeness: 0.001087
Centrality: 0.4597992
Communicability: 331471227772.0
Density: 0.0023844
Diameter: 4.0
Eccentricity: 3.0
Pagerank: 0
Radius: 2.0
Square_clustering: 0.0034946
