Size: 714
Order: 536
Assortativity: -0.758835
Transitivity: 0.00427
Degree: 0.0049798
Coreness: 1.0
Number_Triangles: 0.0
Number_Cliques: 638
Clique_number: 3
Clustering: 0.1094811
Edge_connectivity: 1
Betweeness: 0.0032061
Centrality: 0.3751986
Communicability: 716974.379733
Density: 0.0049798
Diameter: 4.0
Eccentricity: 3.0
Pagerank: 0
Radius: 2.0
Square_clustering: 0.0025042
