Size: 628
Order: 535
Assortativity: -0.8131687
Transitivity: 0.00235
Degree: 0.0043964
Coreness: 1.0
Number_Triangles: 0.0
Number_Cliques: 533
Clique_number: 3
Clustering: 0.175715
Edge_connectivity: 1
Betweeness: 0.0022227
Centrality: 0.4616435
Communicability: 9569025.16039
Density: 0.0043964
Diameter: 3.0
Eccentricity: 2.0
Pagerank: 0
Radius: 2.0
Square_clustering: 0.0043412
