Size: 1145
Order: 1119
Assortativity: -0.9414544
Transitivity: 0.00013
Degree: 0.0018305
Coreness: 1.0
Number_Triangles: 0.0
Number_Cliques: 1117
Clique_number: 3
Clustering: 0.024163
Edge_connectivity: 1
Betweeness: 0.0009091
Centrality: 0.4970685
Communicability: 264822173448.0
Density: 0.0018305
Diameter: 3.0
Eccentricity: 2.0
Pagerank: 0
Radius: 2.0
Square_clustering: 0.0018453
