Size: 424
Order: 305
Assortativity: -0.6919898
Transitivity: 0.01084
Degree: 0.0091458
Coreness: 1.0
Number_Triangles: 1.0
Number_Cliques: 306
Clique_number: 4
Clustering: 0.3198189
Edge_connectivity: 1
Betweeness: 0.0041552
Centrality: 0.4472753
Communicability: 118176.60684
Density: 0.0091458
Diameter: 3.0
Eccentricity: 2.0
Pagerank: 0
Radius: 2.0
Square_clustering: 0.0517449
