Size: 108
Order: 105
Assortativity: -0.9205855
Transitivity: 0.00228
Degree: 0.0197802
Coreness: 1.0
Number_Triangles: 0.0
Number_Cliques: 103
Clique_number: 3
Clustering: 0.0406422
Edge_connectivity: 1
Betweeness: 0.009691
Centrality: 0.5034831
Communicability: 257.2147143
Density: 0.0197802
Diameter: 3.0
Eccentricity: 2.0
Pagerank: 0
Radius: 2.0
Square_clustering: 0.0201792
