Size: 453
Order: 336
Assortativity: -0.6563059
Transitivity: 0.01012
Degree: 0.008049
Coreness: 1.0
Number_Triangles: 1.0
Number_Cliques: 332
Clique_number: 5
Clustering: 0.1943137
Edge_connectivity: 1
Betweeness: 0.0031773
Centrality: 0.4880991
Communicability: 522980.359208
Density: 0.008049
Diameter: 3.0
Eccentricity: 2.0
Pagerank: 0
Radius: 2.0
Square_clustering: 0.0132221
