Size: 5824
Order: 2019
Assortativity: -0.6493345
Transitivity: 0.00734
Degree: 0.0028589
Coreness: 2.0
Number_Triangles: 9.0
Number_Cliques: 3311
Clique_number: 5
Clustering: 0.622737
Edge_connectivity: 1
Betweeness: 0.0006033
Centrality: 0.4552047
Communicability: 2.05156515333e+22
Density: 0.0028589
Diameter: 4.0
Eccentricity: 3.0
Pagerank: 0
Radius: 2.0
Square_clustering: 0.0040661
