Size: 2166
Order: 1002
Assortativity: -0.7727404
Transitivity: 0.00444
Degree: 0.004319
Coreness: 2.0
Number_Triangles: 2.0
Number_Cliques: 1806
Clique_number: 4
Clustering: 0.1565288
Edge_connectivity: 1
Betweeness: 0.0014954
Centrality: 0.4080463
Communicability: 2.13542003213e+12
Density: 0.004319
Diameter: 4.0
Eccentricity: 3.0
Pagerank: 0
Radius: 2.0
Square_clustering: 0.004166
