Size: 570
Order: 540
Assortativity: -0.7464755
Transitivity: 0.00061
Degree: 0.0039167
Coreness: 1.0
Number_Triangles: 0.0
Number_Cliques: 549
Clique_number: 3
Clustering: 0.0333944
Edge_connectivity: 1
Betweeness: 0.0025958
Centrality: 0.4276218
Communicability: 3992126.76827
Density: 0.0039167
Diameter: 4.0
Eccentricity: 3.0
Pagerank: 0
Radius: 2.0
Square_clustering: 0.0025519
