Size: 906
Order: 560
Assortativity: -0.6242826
Transitivity: 0.00926
Degree: 0.0057884
Coreness: 1.0
Number_Triangles: 1.0
Number_Cliques: 726
Clique_number: 4
Clustering: 0.2320552
Edge_connectivity: 1
Betweeness: 0.0028412
Centrality: 0.3938444
Communicability: 3862738.10335
Density: 0.0057884
Diameter: 4.0
Eccentricity: 3.0
Pagerank: 0
Radius: 2.0
Square_clustering: 0.0040814
