Size: 305
Order: 302
Assortativity: -0.9407465
Transitivity: 0.00028
Degree: 0.0067105
Coreness: 1.0
Number_Triangles: 0.0
Number_Cliques: 300
Clique_number: 3
Clustering: 0.0134862
Edge_connectivity: 1
Betweeness: 0.0034386
Centrality: 0.4944668
Communicability: 96936.4472962
Density: 0.0067105
Diameter: 3.0
Eccentricity: 2.0
Pagerank: 0
Radius: 2.0
Square_clustering: 0.0066453
