Size: 851
Order: 520
Assortativity: -0.7643572
Transitivity: 0.00677
Degree: 0.0063065
Coreness: 1.0
Number_Triangles: 1.0
Number_Cliques: 729
Clique_number: 3
Clustering: 0.2070988
Edge_connectivity: 1
Betweeness: 0.0026835
Centrality: 0.4238843
Communicability: 17740350.6402
Density: 0.0063065
Diameter: 4.0
Eccentricity: 3.0
Pagerank: 0
Radius: 2.0
Square_clustering: 0.0057427
