Size: 494
Order: 333
Assortativity: -0.857562
Transitivity: 0.00948
Degree: 0.0089366
Coreness: 1.0
Number_Triangles: 1.0
Number_Cliques: 366
Clique_number: 3
Clustering: 0.3434848
Edge_connectivity: 1
Betweeness: 0.0036507
Centrality: 0.4563893
Communicability: 657647.856685
Density: 0.0089366
Diameter: 4.0
Eccentricity: 3.0
Pagerank: 0
Radius: 2.0
Square_clustering: 0.01485
