Size: 1266
Order: 1027
Assortativity: -0.8549359
Transitivity: 0.0016
Degree: 0.002403
Coreness: 1.0
Number_Triangles: 0.0
Number_Cliques: 1025
Clique_number: 3
Clustering: 0.2336937
Edge_connectivity: 1
Betweeness: 0.0011693
Centrality: 0.4582153
Communicability: 39299278125.5
Density: 0.002403
Diameter: 3.0
Eccentricity: 2.0
Pagerank: 0
Radius: 2.0
Square_clustering: 0.0024738
