Size: 344
Order: 309
Assortativity: -0.8080085
Transitivity: 0.00254
Degree: 0.007229
Coreness: 1.0
Number_Triangles: 0.0
Number_Cliques: 307
Clique_number: 3
Clustering: 0.1165758
Edge_connectivity: 1
Betweeness: 0.0036088
Centrality: 0.4782625
Communicability: 98360.4028361
Density: 0.007229
Diameter: 3.0
Eccentricity: 2.0
Pagerank: 0
Radius: 2.0
Square_clustering: 0.0072121
