Size: 1081
Order: 1025
Assortativity: -0.8778256
Transitivity: 0.00034
Degree: 0.0020598
Coreness: 1.0
Number_Triangles: 0.0
Number_Cliques: 1023
Clique_number: 3
Clustering: 0.0556254
Edge_connectivity: 1
Betweeness: 0.0010227
Centrality: 0.4906315
Communicability: 56761344161.1
Density: 0.0020598
Diameter: 3.0
Eccentricity: 2.0
Pagerank: 0
Radius: 2.0
Square_clustering: 0.0020738
