Size: 4577
Order: 1002
Assortativity: -0.616934
Transitivity: 0.03524
Degree: 0.0091266
Coreness: 4.0
Number_Triangles: 24.0
Number_Cliques: 3604
Clique_number: 7
Clustering: 0.5057863
Edge_connectivity: 1
Betweeness: 0.0013588
Centrality: 0.4293092
Communicability: 1.59971611218e+18
Density: 0.0091266
Diameter: 4.0
Eccentricity: 3.0
Pagerank: 0.000998
Radius: 2.0
Square_clustering: 0.0060103
