Size: 3704
Order: 2037
Assortativity: -0.6942698
Transitivity: 0.00146
Degree: 0.0017862
Coreness: 1.0
Number_Triangles: 0.0
Number_Cliques: 3356
Clique_number: 3
Clustering: 0.111953
Edge_connectivity: 1
Betweeness: 0.0008928
Centrality: 0.3607804
Communicability: 3.88028732829e+14
Density: 0.0017862
Diameter: 4.0
Eccentricity: 3.0
Pagerank: 0
Radius: 2.0
Square_clustering: 0.0022915
