Size: 353
Order: 339
Assortativity: -0.9089821
Transitivity: 0.00081
Degree: 0.0061615
Coreness: 1.0
Number_Triangles: 0.0
Number_Cliques: 337
Clique_number: 3
Clustering: 0.0444815
Edge_connectivity: 1
Betweeness: 0.003015
Centrality: 0.4975954
Communicability: 273208.108586
Density: 0.0061615
Diameter: 3.0
Eccentricity: 2.0
Pagerank: 0
Radius: 2.0
Square_clustering: 0.0063814
