Size: 3677
Order: 2393
Assortativity: -0.8341983
Transitivity: 0.00152
Degree: 0.0012848
Coreness: 1.0
Number_Triangles: 1.0
Number_Cliques: 3030
Clique_number: 4
Clustering: 0.1996616
Edge_connectivity: 1
Betweeness: 0.0006077
Centrality: 0.4125266
Communicability: 3.17938705469e+16
Density: 0.0012848
Diameter: 4.0
Eccentricity: 3.0
Pagerank: 0
Radius: 2.0
Square_clustering: 0.0009187
