Size: 321
Order: 318
Assortativity: -0.9648009
Transitivity: 0.00024
Degree: 0.0063687
Coreness: 1.0
Number_Triangles: 0.0
Number_Cliques: 316
Clique_number: 3
Clustering: 0.0131779
Edge_connectivity: 1
Betweeness: 0.0031833
Centrality: 0.499792
Communicability: 162937.826158
Density: 0.0063687
Diameter: 3.0
Eccentricity: 2.0
Pagerank: 0
Radius: 2.0
Square_clustering: 0.0063499
