Size: 362
Order: 352
Assortativity: -0.9403029
Transitivity: 0.00054
Degree: 0.0058599
Coreness: 1.0
Number_Triangles: 0.0
Number_Cliques: 350
Clique_number: 3
Clustering: 0.0316512
Edge_connectivity: 1
Betweeness: 0.002856
Centrality: 0.5010231
Communicability: 395355.547311
Density: 0.0058599
Diameter: 3.0
Eccentricity: 2.0
Pagerank: 0
Radius: 2.0
Square_clustering: 0.0065798
