Size: 923
Order: 390
Assortativity: -0.5065557
Transitivity: 0.03064
Degree: 0.012168
Coreness: 2.0
Number_Triangles: 7.0
Number_Cliques: 578
Clique_number: 6
Clustering: 0.3488014
Edge_connectivity: 1
Betweeness: 0.0028305
Centrality: 0.4809463
Communicability: 333611745.953
Density: 0.012168
Diameter: 4.0
Eccentricity: 3.0
Pagerank: 0
Radius: 2.0
Square_clustering: 0.0508052
