Size: 179
Order: 105
Assortativity: -0.8500705
Transitivity: 0.03984
Degree: 0.0327839
Coreness: 1.0
Number_Triangles: 1.0
Number_Cliques: 138
Clique_number: 3
Clustering: 0.2793282
Edge_connectivity: 1
Betweeness: 0.0127885
Centrality: 0.4383676
Communicability: 713.789313
Density: 0.0327839
Diameter: 4.0
Eccentricity: 3.0
Pagerank: 0.0095238
Radius: 2.0
Square_clustering: 0.0268497
