Size: 5288
Order: 2222
Assortativity: -0.8208629
Transitivity: 0.00335
Degree: 0.002143
Coreness: 2.0
Number_Triangles: 4.0
Number_Cliques: 4881
Clique_number: 3
Clustering: 0.2799965
Edge_connectivity: 1
Betweeness: 0.0006065
Centrality: 0.4312295
Communicability: 1.37636994158e+21
Density: 0.002143
Diameter: 4.0
Eccentricity: 3.0
Pagerank: 0
Radius: 2.0
Square_clustering: 0.0023598
