Size: 2893
Order: 516
Assortativity: -0.6542382
Transitivity: 0.12455
Degree: 0.0217732
Coreness: 6.0
Number_Triangles: 48.0
Number_Cliques: 2122
Clique_number: 11
Clustering: 0.4600081
Edge_connectivity: 1
Betweeness: 0.0030088
Centrality: 0.3993373
Communicability: 9.86495474149e+14
Density: 0.0217732
Diameter: 4.0
Eccentricity: 3.0
Pagerank: 0.001938
Radius: 2.0
Square_clustering: 0.0269666
