Size: 6280
Order: 2033
Assortativity: -0.6349387
Transitivity: 0.01542
Degree: 0.0030404
Coreness: 3.0
Number_Triangles: 12.0
Number_Cliques: 3816
Clique_number: 7
Clustering: 0.4274942
Edge_connectivity: 1
Betweeness: 0.0007991
Centrality: 0.3874326
Communicability: 3.01997121153e+19
Density: 0.0030404
Diameter: 4.0
Eccentricity: 3.0
Pagerank: 0.0004919
Radius: 2.0
Square_clustering: 0.001765
