Size: 591
Order: 583
Assortativity: -0.9417385
Transitivity: 0.00017
Degree: 0.0034836
Coreness: 1.0
Number_Triangles: 0.0
Number_Cliques: 581
Clique_number: 3
Clustering: 0.0155187
Edge_connectivity: 1
Betweeness: 0.0017722
Centrality: 0.4943696
Communicability: 42642424.4803
Density: 0.0034836
Diameter: 3.0
Eccentricity: 2.0
Pagerank: 0
Radius: 2.0
Square_clustering: 0.0034525
