Size: 120
Order: 120
Assortativity: -0.9840108
Transitivity: 0.00043
Degree: 0.0168067
Coreness: 1.0
Number_Triangles: 0.0
Number_Cliques: 118
Clique_number: 3
Clustering: 0.0166679
Edge_connectivity: 1
Betweeness: 0.0083321
Centrality: 0.5062943
Communicability: 460.6392236
Density: 0.0168067
Diameter: 2.0
Eccentricity: 1.0
Pagerank: 0
Radius: 1.0
Square_clustering: 0.0
