Size: 281
Order: 100
Assortativity: -0.8902779
Transitivity: 0.07464
Degree: 0.0567677
Coreness: 2.0
Number_Triangles: 8.0
Number_Cliques: 127
Clique_number: 4
Clustering: 0.7608834
Edge_connectivity: 1
Betweeness: 0.0100247
Centrality: 0.5099899
Communicability: 185395.837081
Density: 0.0567677
Diameter: 4.0
Eccentricity: 2.0
Pagerank: 0
Radius: 2.0
Square_clustering: 0.3794661
