Size: 3107
Order: 2053
Assortativity: -0.9229923
Transitivity: 0.00191
Degree: 0.001475
Coreness: 1.0
Number_Triangles: 1.0
Number_Cliques: 2342
Clique_number: 3
Clustering: 0.3415388
Edge_connectivity: 1
Betweeness: 0.0007364
Centrality: 0.4032823
Communicability: 1.04261537426e+15
Density: 0.001475
Diameter: 4.0
Eccentricity: 3.0
Pagerank: 0
Radius: 2.0
Square_clustering: 0.0013163
