Size: 3318
Order: 2000
Assortativity: -0.6077859
Transitivity: 0.00431
Degree: 0.0016598
Coreness: 1.0
Number_Triangles: 1.0
Number_Cliques: 2644
Clique_number: 5
Clustering: 0.1900753
Edge_connectivity: 1
Betweeness: 0.0009169
Centrality: 0.3580406
Communicability: 270464568969.0
Density: 0.0016598
Diameter: 4.0
Eccentricity: 3.0
Pagerank: 0
Radius: 2.0
Square_clustering: 0.0014148
