Size: 1411
Order: 1080
Assortativity: -0.6769838
Transitivity: 0.00315
Degree: 0.0024217
Coreness: 1.0
Number_Triangles: 1.0
Number_Cliques: 1101
Clique_number: 4
Clustering: 0.2368535
Edge_connectivity: 1
Betweeness: 0.0013358
Centrality: 0.4144363
Communicability: 3048327346.25
Density: 0.0024217
Diameter: 4.0
Eccentricity: 3.0
Pagerank: 0
Radius: 2.0
Square_clustering: 0.0021953
