Size: 3143
Order: 1045
Assortativity: -0.7938474
Transitivity: 0.01389
Degree: 0.0057618
Coreness: 3.0
Number_Triangles: 7.0
Number_Cliques: 2329
Clique_number: 4
Clustering: 0.3719736
Edge_connectivity: 1
Betweeness: 0.0013928
Centrality: 0.4135165
Communicability: 6.03148255992e+14
Density: 0.0057618
Diameter: 4.0
Eccentricity: 3.0
Pagerank: 0.0009569
Radius: 2.0
Square_clustering: 0.0042429
