Size: 5366
Order: 2070
Assortativity: -0.5924049
Transitivity: 0.01493
Degree: 0.0025058
Coreness: 2.0
Number_Triangles: 7.0
Number_Cliques: 3822
Clique_number: 8
Clustering: 0.2697822
Edge_connectivity: 1
Betweeness: 0.0008664
Centrality: 0.3634026
Communicability: 3.04301105621e+15
Density: 0.0025058
Diameter: 4.0
Eccentricity: 3.0
Pagerank: 0.0004831
Radius: 2.0
Square_clustering: 0.0041889
