Size: 157
Order: 101
Assortativity: -0.7424104
Transitivity: 0.05543
Degree: 0.0310891
Coreness: 1.0
Number_Triangles: 1.0
Number_Cliques: 111
Clique_number: 4
Clustering: 0.2986943
Edge_connectivity: 1
Betweeness: 0.0159556
Centrality: 0.3951994
Communicability: 189.4978731
Density: 0.0310891
Diameter: 4.0
Eccentricity: 3.0
Pagerank: 0.009901
Radius: 2.0
Square_clustering: 0.0361877
