Size: 2773
Order: 1102
Assortativity: -0.7201478
Transitivity: 0.01145
Degree: 0.004571
Coreness: 2.0
Number_Triangles: 7.0
Number_Cliques: 1529
Clique_number: 5
Clustering: 0.5482819
Edge_connectivity: 1
Betweeness: 0.0012506
Centrality: 0.4265908
Communicability: 1.55113265815e+15
Density: 0.004571
Diameter: 4.0
Eccentricity: 3.0
Pagerank: 0
Radius: 2.0
Square_clustering: 0.0253571
