Size: 9403
Order: 2014
Assortativity: -0.6169515
Transitivity: 0.03039
Degree: 0.0046387
Coreness: 4.0
Number_Triangles: 35.0
Number_Cliques: 5399
Clique_number: 9
Clustering: 0.5247972
Edge_connectivity: 1
Betweeness: 0.0007843
Centrality: 0.3941181
Communicability: 1.28835543331e+27
Density: 0.0046387
Diameter: 4.0
Eccentricity: 3.0
Pagerank: 0.0004965
Radius: 2.0
Square_clustering: 0.0061177
