Size: 690
Order: 315
Assortativity: -0.8597006
Transitivity: 0.01304
Degree: 0.0139521
Coreness: 2.0
Number_Triangles: 2.0
Number_Cliques: 552
Clique_number: 3
Clustering: 0.2570735
Edge_connectivity: 1
Betweeness: 0.004456
Centrality: 0.4247664
Communicability: 4373887.88671
Density: 0.0139521
Diameter: 4.0
Eccentricity: 3.0
Pagerank: 0
Radius: 2.0
Square_clustering: 0.0217834
