Size: 682
Order: 594
Assortativity: -0.800598
Transitivity: 0.00169
Degree: 0.0038723
Coreness: 1.0
Number_Triangles: 0.0
Number_Cliques: 592
Clique_number: 3
Clustering: 0.1498487
Edge_connectivity: 1
Betweeness: 0.0018882
Centrality: 0.4756535
Communicability: 42884364.9282
Density: 0.0038723
Diameter: 3.0
Eccentricity: 2.0
Pagerank: 0
Radius: 2.0
Square_clustering: 0.0039797
