Size: 371
Order: 367
Assortativity: -0.8010691
Transitivity: 0.00034
Degree: 0.005524
Coreness: 1.0
Number_Triangles: 0.0
Number_Cliques: 365
Clique_number: 3
Clustering: 0.013628
Edge_connectivity: 1
Betweeness: 0.0036465
Centrality: 0.4332472
Communicability: 60986.8645772
Density: 0.005524
Diameter: 3.0
Eccentricity: 2.0
Pagerank: 0
Radius: 2.0
Square_clustering: 0.005452
