Size: 705
Order: 538
Assortativity: -0.7370984
Transitivity: 0.00523
Degree: 0.0048805
Coreness: 1.0
Number_Triangles: 0.0
Number_Cliques: 587
Clique_number: 3
Clustering: 0.1964543
Edge_connectivity: 1
Betweeness: 0.0030058
Centrality: 0.3894315
Communicability: 706405.391976
Density: 0.0048805
Diameter: 4.0
Eccentricity: 3.0
Pagerank: 0
Radius: 2.0
Square_clustering: 0.0025011
