Size: 6564
Order: 1043
Assortativity: -0.6433847
Transitivity: 0.05496
Degree: 0.0120794
Coreness: 6.0
Number_Triangles: 51.0
Number_Cliques: 6441
Clique_number: 8
Clustering: 0.4182766
Edge_connectivity: 1
Betweeness: 0.001363
Centrality: 0.4191772
Communicability: 8.07174554144e+23
Density: 0.0120794
Diameter: 4.0
Eccentricity: 3.0
Pagerank: 0.0009588
Radius: 2.0
Square_clustering: 0.0105426
