Size: 394
Order: 327
Assortativity: -0.8460812
Transitivity: 0.00464
Degree: 0.007392
Coreness: 1.0
Number_Triangles: 0.0
Number_Cliques: 325
Clique_number: 3
Clustering: 0.2079832
Edge_connectivity: 1
Betweeness: 0.0037123
Centrality: 0.457191
Communicability: 128046.749136
Density: 0.007392
Diameter: 3.0
Eccentricity: 2.0
Pagerank: 0
Radius: 2.0
Square_clustering: 0.0073312
