Size: 522
Order: 506
Assortativity: -0.8985117
Transitivity: 0.00042
Degree: 0.0040856
Coreness: 1.0
Number_Triangles: 0.0
Number_Cliques: 504
Clique_number: 3
Clustering: 0.0336607
Edge_connectivity: 1
Betweeness: 0.002086
Centrality: 0.4899074
Communicability: 8555737.0909
Density: 0.0040856
Diameter: 3.0
Eccentricity: 2.0
Pagerank: 0
Radius: 2.0
Square_clustering: 0.0040283
