Size: 1044
Order: 563
Assortativity: -0.795662
Transitivity: 0.01591
Degree: 0.0065991
Coreness: 1.0
Number_Triangles: 3.0
Number_Cliques: 768
Clique_number: 4
Clustering: 0.3299684
Edge_connectivity: 1
Betweeness: 0.0026736
Centrality: 0.4045407
Communicability: 30938818.1303
Density: 0.0065991
Diameter: 4.0
Eccentricity: 3.0
Pagerank: 0
Radius: 2.0
Square_clustering: 0.0034947
