Size: 2047
Order: 1029
Assortativity: -0.8005872
Transitivity: 0.01023
Degree: 0.0038703
Coreness: 2.0
Number_Triangles: 4.0
Number_Cliques: 1429
Clique_number: 4
Clustering: 0.376338
Edge_connectivity: 1
Betweeness: 0.0014149
Centrality: 0.4125409
Communicability: 598576738511.0
Density: 0.0038703
Diameter: 4.0
Eccentricity: 3.0
Pagerank: 0
Radius: 2.0
Square_clustering: 0.0024789
