Size: 527
Order: 312
Assortativity: -0.7855757
Transitivity: 0.01314
Degree: 0.0108624
Coreness: 1.0
Number_Triangles: 1.0
Number_Cliques: 406
Clique_number: 3
Clustering: 0.3025556
Edge_connectivity: 1
Betweeness: 0.0044678
Centrality: 0.4264315
Communicability: 476473.663666
Density: 0.0108624
Diameter: 4.0
Eccentricity: 3.0
Pagerank: 0
Radius: 2.0
Square_clustering: 0.011565
