Size: 590
Order: 341
Assortativity: -0.6077504
Transitivity: 0.01
Degree: 0.0101777
Coreness: 1.0
Number_Triangles: 1.0
Number_Cliques: 521
Clique_number: 3
Clustering: 0.147504
Edge_connectivity: 1
Betweeness: 0.0037627
Centrality: 0.4471511
Communicability: 1107045.034
Density: 0.0101777
Diameter: 4.0
Eccentricity: 3.0
Pagerank: 0
Radius: 2.0
Square_clustering: 0.0109885
