Size: 146
Order: 127
Assortativity: -0.7399415
Transitivity: 0.0077
Degree: 0.0182477
Coreness: 1.0
Number_Triangles: 0.0
Number_Cliques: 131
Clique_number: 3
Clustering: 0.0931362
Edge_connectivity: 1
Betweeness: 0.0093368
Centrality: 0.4677426
Communicability: 416.9239638
Density: 0.0182477
Diameter: 4.0
Eccentricity: 3.0
Pagerank: 0
Radius: 2.0
Square_clustering: 0.017741
