Size: 685
Order: 501
Assortativity: -0.5913262
Transitivity: 0.00563
Degree: 0.0054691
Coreness: 1.0
Number_Triangles: 0.0
Number_Cliques: 563
Clique_number: 4
Clustering: 0.1997392
Edge_connectivity: 1
Betweeness: 0.0030619
Centrality: 0.4041233
Communicability: 1283535.36523
Density: 0.0054691
Diameter: 4.0
Eccentricity: 3.0
Pagerank: 0
Radius: 2.0
Square_clustering: 0.0027464
