Size: 1345
Order: 1095
Assortativity: -0.7826488
Transitivity: 0.00153
Degree: 0.0022455
Coreness: 1.0
Number_Triangles: 0.0
Number_Cliques: 1092
Clique_number: 4
Clustering: 0.2146849
Edge_connectivity: 1
Betweeness: 0.0010693
Centrality: 0.4646802
Communicability: 111005605060.0
Density: 0.0022455
Diameter: 3.0
Eccentricity: 2.0
Pagerank: 0
Radius: 2.0
Square_clustering: 0.0018988
