Size: 532
Order: 318
Assortativity: -0.9772107
Transitivity: 0.00947
Degree: 0.0105549
Coreness: 1.0
Number_Triangles: 2.0
Number_Cliques: 316
Clique_number: 4
Clustering: 0.6579006
Edge_connectivity: 1
Betweeness: 0.0033053
Centrality: 0.4908458
Communicability: 14900479.9418
Density: 0.0105549
Diameter: 3.0
Eccentricity: 2.0
Pagerank: 0
Radius: 2.0
Square_clustering: 0.0526296
