Size: 1381
Order: 529
Assortativity: -0.5653808
Transitivity: 0.02556
Degree: 0.0098886
Coreness: 2.0
Number_Triangles: 4.0
Number_Cliques: 1153
Clique_number: 4
Clustering: 0.216226
Edge_connectivity: 1
Betweeness: 0.0033614
Centrality: 0.3678164
Communicability: 38068334.3625
Density: 0.0098886
Diameter: 4.0
Eccentricity: 3.0
Pagerank: 0.0018904
Radius: 2.0
Square_clustering: 0.0077603
