Size: 387
Order: 304
Assortativity: -0.7217398
Transitivity: 0.00557
Degree: 0.0084028
Coreness: 1.0
Number_Triangles: 0.0
Number_Cliques: 338
Clique_number: 3
Clustering: 0.1338848
Edge_connectivity: 1
Betweeness: 0.0042558
Centrality: 0.4434456
Communicability: 52890.4961483
Density: 0.0084028
Diameter: 4.0
Eccentricity: 3.0
Pagerank: 0
Radius: 2.0
Square_clustering: 0.0080551
