Size: 693
Order: 501
Assortativity: -0.7445448
Transitivity: 0.00286
Degree: 0.0055329
Coreness: 1.0
Number_Triangles: 0.0
Number_Cliques: 643
Clique_number: 3
Clustering: 0.075244
Edge_connectivity: 1
Betweeness: 0.003657
Centrality: 0.3596247
Communicability: 148603.060171
Density: 0.0055329
Diameter: 4.0
Eccentricity: 3.0
Pagerank: 0
Radius: 2.0
Square_clustering: 0.0028873
