Size: 365
Order: 101
Assortativity: -0.676656
Transitivity: 0.12543
Degree: 0.0722772
Coreness: 4.0
Number_Triangles: 14.0
Number_Cliques: 180
Clique_number: 6
Clustering: 0.6755776
Edge_connectivity: 1
Betweeness: 0.009759
Centrality: 0.5140891
Communicability: 633656.703452
Density: 0.0722772
Diameter: 4.0
Eccentricity: 2.0
Pagerank: 0.009901
Radius: 2.0
Square_clustering: 0.3135473
