Size: 4281
Order: 2116
Assortativity: -0.8176074
Transitivity: 0.00338
Degree: 0.0019132
Coreness: 2.0
Number_Triangles: 2.0
Number_Cliques: 3509
Clique_number: 4
Clustering: 0.2359798
Edge_connectivity: 1
Betweeness: 0.0007538
Centrality: 0.3913189
Communicability: 2.45206787381e+16
Density: 0.0019132
Diameter: 4.0
Eccentricity: 3.0
Pagerank: 0
Radius: 2.0
Square_clustering: 0.0012694
