Size: 504
Order: 121
Assortativity: -0.4501959
Transitivity: 0.20352
Degree: 0.0694215
Coreness: 4.0
Number_Triangles: 26.0
Number_Cliques: 232
Clique_number: 8
Clustering: 0.58258
Edge_connectivity: 1
Betweeness: 0.00782
Centrality: 0.5209693
Communicability: 7566608.02295
Density: 0.0694215
Diameter: 2.0
Eccentricity: 1.0
Pagerank: 0.0082645
Radius: 1.0
Square_clustering: 0.2847828
