Size: 9812
Order: 2002
Assortativity: -0.8620086
Transitivity: 0.01299
Degree: 0.0048986
Coreness: 4.0
Number_Triangles: 26.0
Number_Cliques: 7000
Clique_number: 6
Clustering: 0.6286746
Edge_connectivity: 1
Betweeness: 0.0006153
Centrality: 0.4521053
Communicability: 6.47941339425e+29
Density: 0.0048986
Diameter: 4.0
Eccentricity: 3.0
Pagerank: 0.0004995
Radius: 2.0
Square_clustering: 0.005455
