Size: 2165
Order: 1280
Assortativity: -0.7136736
Transitivity: 0.00678
Degree: 0.0026449
Coreness: 1.0
Number_Triangles: 2.0
Number_Cliques: 1423
Clique_number: 5
Clustering: 0.2954944
Edge_connectivity: 1
Betweeness: 0.001324
Centrality: 0.3787947
Communicability: 1.7842882018e+12
Density: 0.0026449
Diameter: 4.0
Eccentricity: 3.0
Pagerank: 0
Radius: 2.0
Square_clustering: 0.0026556
