Size: 453
Order: 356
Assortativity: -0.9728982
Transitivity: 0.00565
Degree: 0.0071689
Coreness: 1.0
Number_Triangles: 0.0
Number_Cliques: 354
Clique_number: 3
Clustering: 0.2753032
Edge_connectivity: 1
Betweeness: 0.0035091
Centrality: 0.4492178
Communicability: 329666.78474
Density: 0.0071689
Diameter: 3.0
Eccentricity: 2.0
Pagerank: 0
Radius: 2.0
Square_clustering: 0.007302
