Size: 2520
Order: 327
Assortativity: -0.4831115
Transitivity: 0.15509
Degree: 0.0472787
Coreness: 8.0
Number_Triangles: 87.0
Number_Cliques: 2379
Clique_number: 9
Clustering: 0.6488007
Edge_connectivity: 1
Betweeness: 0.0029315
Centrality: 0.513729
Communicability: 1.70891230437e+16
Density: 0.0472787
Diameter: 2.0
Eccentricity: 1.0
Pagerank: 0.0030581
Radius: 1.0
Square_clustering: 0.1542576
