Size: 508
Order: 348
Assortativity: -0.4925214
Transitivity: 0.02024
Degree: 0.0084137
Coreness: 1.0
Number_Triangles: 1.0
Number_Cliques: 392
Clique_number: 5
Clustering: 0.1598956
Edge_connectivity: 1
Betweeness: 0.0054762
Centrality: 0.3504703
Communicability: 12187.6121608
Density: 0.0084137
Diameter: 4.0
Eccentricity: 3.0
Pagerank: 0
Radius: 2.0
Square_clustering: 0.0178309
