Size: 1663
Order: 1129
Assortativity: -0.7516068
Transitivity: 0.00977
Degree: 0.0026117
Coreness: 1.0
Number_Triangles: 1.0
Number_Cliques: 1261
Clique_number: 4
Clustering: 0.2467546
Edge_connectivity: 1
Betweeness: 0.001955
Centrality: 0.3140759
Communicability: 2923495.8639
Density: 0.0026117
Diameter: 4.0
Eccentricity: 3.0
Pagerank: 0
Radius: 2.0
Square_clustering: 0.0077182
