Size: 154
Order: 111
Assortativity: -0.9422649
Transitivity: 0.02154
Degree: 0.0252252
Coreness: 1.0
Number_Triangles: 1.0
Number_Cliques: 109
Clique_number: 3
Clustering: 0.3966859
Edge_connectivity: 1
Betweeness: 0.0102954
Centrality: 0.4756964
Communicability: 938.8913644
Density: 0.0252252
Diameter: 3.0
Eccentricity: 2.0
Pagerank: 0
Radius: 2.0
Square_clustering: 0.0360934
