Size: 203
Order: 118
Assortativity: -0.8603404
Transitivity: 0.04724
Degree: 0.0294075
Coreness: 1.0
Number_Triangles: 2.0
Number_Cliques: 143
Clique_number: 4
Clustering: 0.2643428
Edge_connectivity: 1
Betweeness: 0.012311
Centrality: 0.420141
Communicability: 1450.2439131
Density: 0.0294075
Diameter: 4.0
Eccentricity: 3.0
Pagerank: 0.0084746
Radius: 2.0
Square_clustering: 0.0286377
