Size: 1119
Order: 500
Assortativity: -0.6690255
Transitivity: 0.01706
Degree: 0.0089699
Coreness: 2.0
Number_Triangles: 4.0
Number_Cliques: 732
Clique_number: 5
Clustering: 0.4393282
Edge_connectivity: 1
Betweeness: 0.0027078
Centrality: 0.4322496
Communicability: 369407877.041
Density: 0.0089699
Diameter: 4.0
Eccentricity: 3.0
Pagerank: 0.002
Radius: 2.0
Square_clustering: 0.0118549
