Size: 1320
Order: 1027
Assortativity: -0.803733
Transitivity: 0.0016
Degree: 0.0025055
Coreness: 1.0
Number_Triangles: 0.0
Number_Cliques: 1025
Clique_number: 3
Clustering: 0.2862769
Edge_connectivity: 1
Betweeness: 0.0010046
Centrality: 0.4938875
Communicability: 402998279391.0
Density: 0.0025055
Diameter: 3.0
Eccentricity: 2.0
Pagerank: 0
Radius: 2.0
Square_clustering: 0.0068068
