Size: 775
Order: 330
Assortativity: -0.8039444
Transitivity: 0.03625
Degree: 0.0142765
Coreness: 2.0
Number_Triangles: 5.0
Number_Cliques: 510
Clique_number: 4
Clustering: 0.5042047
Edge_connectivity: 1
Betweeness: 0.0042294
Centrality: 0.4241607
Communicability: 8003381.5672
Density: 0.0142765
Diameter: 4.0
Eccentricity: 3.0
Pagerank: 0.0030303
Radius: 2.0
Square_clustering: 0.0223108
