Size: 1542
Order: 1154
Assortativity: -0.780687
Transitivity: 0.00226
Degree: 0.0023178
Coreness: 1.0
Number_Triangles: 1.0
Number_Cliques: 1235
Clique_number: 3
Clustering: 0.2406227
Edge_connectivity: 1
Betweeness: 0.0011232
Centrality: 0.4401254
Communicability: 101816471489.0
Density: 0.0023178
Diameter: 4.0
Eccentricity: 3.0
Pagerank: 0
Radius: 2.0
Square_clustering: 0.0027151
