Size: 342
Order: 305
Assortativity: -0.8179551
Transitivity: 0.00326
Degree: 0.007377
Coreness: 1.0
Number_Triangles: 0.0
Number_Cliques: 303
Clique_number: 3
Clustering: 0.1246216
Edge_connectivity: 1
Betweeness: 0.00412
Centrality: 0.4491437
Communicability: 36749.0468932
Density: 0.007377
Diameter: 3.0
Eccentricity: 2.0
Pagerank: 0
Radius: 2.0
Square_clustering: 0.006945
