Size: 131
Order: 130
Assortativity: -0.9323358
Transitivity: 0.00076
Degree: 0.0156231
Coreness: 1.0
Number_Triangles: 0.0
Number_Cliques: 128
Clique_number: 3
Clustering: 0.0164122
Edge_connectivity: 1
Betweeness: 0.0080343
Centrality: 0.4964795
Communicability: 589.3289396
Density: 0.0156231
Diameter: 3.0
Eccentricity: 2.0
Pagerank: 0
Radius: 2.0
Square_clustering: 0.0154262
