Size: 1620
Order: 1228
Assortativity: -0.919838
Transitivity: 0.00182
Degree: 0.0021503
Coreness: 1.0
Number_Triangles: 0.0
Number_Cliques: 1240
Clique_number: 3
Clustering: 0.3040616
Edge_connectivity: 1
Betweeness: 0.0010026
Centrality: 0.451603
Communicability: 1.07285508182e+12
Density: 0.0021503
Diameter: 4.0
Eccentricity: 3.0
Pagerank: 0
Radius: 2.0
Square_clustering: 0.0027936
