Size: 592
Order: 592
Assortativity: -0.99665
Transitivity: 2e-05
Degree: 0.0033841
Coreness: 1.0
Number_Triangles: 0.0
Number_Cliques: 590
Clique_number: 3
Clustering: 0.0033784
Edge_connectivity: 1
Betweeness: 0.0016892
Centrality: 0.5012687
Communicability: 61144433.206
Density: 0.0033841
Diameter: 2.0
Eccentricity: 1.0
Pagerank: 0
Radius: 1.0
Square_clustering: 0.0
