Size: 17062
Order: 1025
Assortativity: -0.5225053
Transitivity: 0.17821
Degree: 0.0325114
Coreness: 17.0
Number_Triangles: 437.0
Number_Cliques: 113748
Clique_number: 17
Clustering: 0.5018309
Edge_connectivity: 1
Betweeness: 0.0012198
Centrality: 0.4501533
Communicability: 4.61452117909e+41
Density: 0.0325114
Diameter: 4.0
Eccentricity: 3.0
Pagerank: 0.0009756
Radius: 2.0
Square_clustering: 0.0078255
