Size: 657
Order: 638
Assortativity: -0.8949879
Transitivity: 0.00032
Degree: 0.0032332
Coreness: 1.0
Number_Triangles: 0.0
Number_Cliques: 636
Clique_number: 3
Clustering: 0.0313828
Edge_connectivity: 1
Betweeness: 0.0016684
Centrality: 0.4877582
Communicability: 97086463.7669
Density: 0.0032332
Diameter: 3.0
Eccentricity: 2.0
Pagerank: 0
Radius: 2.0
Square_clustering: 0.0031803
