Size: 128
Order: 128
Assortativity: -0.9565208
Transitivity: 0.00039
Degree: 0.015748
Coreness: 1.0
Number_Triangles: 0.0
Number_Cliques: 126
Clique_number: 3
Clustering: 0.0091156
Edge_connectivity: 1
Betweeness: 0.0080517
Centrality: 0.4994595
Communicability: 566.6538684
Density: 0.015748
Diameter: 3.0
Eccentricity: 2.0
Pagerank: 0
Radius: 2.0
Square_clustering: 0.0
