Size: 424
Order: 365
Assortativity: -0.8161485
Transitivity: 0.0027
Degree: 0.0063827
Coreness: 1.0
Number_Triangles: 0.0
Number_Cliques: 363
Clique_number: 3
Clustering: 0.1644651
Edge_connectivity: 1
Betweeness: 0.0027868
Centrality: 0.4984284
Communicability: 781684.044456
Density: 0.0063827
Diameter: 3.0
Eccentricity: 2.0
Pagerank: 0
Radius: 2.0
Square_clustering: 0.0132074
