Size: 16883
Order: 2008
Assortativity: -0.7479515
Transitivity: 0.0484
Degree: 0.0083785
Coreness: 8.0
Number_Triangles: 105.0
Number_Cliques: 23927
Clique_number: 12
Clustering: 0.5861756
Edge_connectivity: 1
Betweeness: 0.0006914
Centrality: 0.4242515
Communicability: 1.75800390142e+37
Density: 0.0083785
Diameter: 4.0
Eccentricity: 3.0
Pagerank: 0.000498
Radius: 2.0
Square_clustering: 0.0038715
