Size: 142
Order: 101
Assortativity: -0.5799774
Transitivity: 0.01724
Degree: 0.0281188
Coreness: 1.0
Number_Triangles: 0.0
Number_Cliques: 122
Clique_number: 3
Clustering: 0.1353946
Edge_connectivity: 1
Betweeness: 0.0117252
Centrality: 0.469875
Communicability: 235.0455987
Density: 0.0281188
Diameter: 4.0
Eccentricity: 3.0
Pagerank: 0.009901
Radius: 2.0
Square_clustering: 0.1191291
