Size: 1459
Order: 1142
Assortativity: -0.8756014
Transitivity: 0.00188
Degree: 0.0022394
Coreness: 1.0
Number_Triangles: 0.0
Number_Cliques: 1199
Clique_number: 3
Clustering: 0.216589
Edge_connectivity: 1
Betweeness: 0.0011793
Centrality: 0.430161
Communicability: 23045315208.6
Density: 0.0022394
Diameter: 4.0
Eccentricity: 3.0
Pagerank: 0
Radius: 2.0
Square_clustering: 0.0019754
