Size: 4137
Order: 1020
Assortativity: -0.6134258
Transitivity: 0.02944
Degree: 0.0079605
Coreness: 4.0
Number_Triangles: 24.0
Number_Cliques: 2561
Clique_number: 7
Clustering: 0.6852148
Edge_connectivity: 1
Betweeness: 0.0011997
Centrality: 0.4541294
Communicability: 6.14107076881e+18
Density: 0.0079605
Diameter: 4.0
Eccentricity: 3.0
Pagerank: 0.0009804
Radius: 2.0
Square_clustering: 0.0092027
