Size: 2262
Order: 1001
Assortativity: -0.6460179
Transitivity: 0.01726
Degree: 0.0045195
Coreness: 2.0
Number_Triangles: 6.0
Number_Cliques: 1741
Clique_number: 5
Clustering: 0.2928575
Edge_connectivity: 1
Betweeness: 0.0016137
Centrality: 0.3891578
Communicability: 1.79274307097e+12
Density: 0.0045195
Diameter: 4.0
Eccentricity: 3.0
Pagerank: 0
Radius: 2.0
Square_clustering: 0.0046229
