Size: 385
Order: 310
Assortativity: -0.876078
Transitivity: 0.00743
Degree: 0.0080384
Coreness: 1.0
Number_Triangles: 0.0
Number_Cliques: 324
Clique_number: 3
Clustering: 0.1732121
Edge_connectivity: 1
Betweeness: 0.0047027
Centrality: 0.4139637
Communicability: 22576.0368831
Density: 0.0080384
Diameter: 4.0
Eccentricity: 3.0
Pagerank: 0
Radius: 2.0
Square_clustering: 0.0076538
