Size: 3973
Order: 2059
Assortativity: -0.8026248
Transitivity: 0.00377
Degree: 0.0018752
Coreness: 1.0
Number_Triangles: 3.0
Number_Cliques: 2410
Clique_number: 5
Clustering: 0.451196
Edge_connectivity: 1
Betweeness: 0.0006454
Centrality: 0.4347051
Communicability: 5.96086447347e+18
Density: 0.0018752
Diameter: 4.0
Eccentricity: 3.0
Pagerank: 0
Radius: 2.0
Square_clustering: 0.0020637
