Size: 139
Order: 116
Assortativity: -0.73544
Transitivity: 0.01334
Degree: 0.0208396
Coreness: 1.0
Number_Triangles: 0.0
Number_Cliques: 120
Clique_number: 3
Clustering: 0.1334554
Edge_connectivity: 1
Betweeness: 0.0109682
Centrality: 0.4502153
Communicability: 227.2508494
Density: 0.0208396
Diameter: 4.0
Eccentricity: 3.0
Pagerank: 0
Radius: 2.0
Square_clustering: 0.0196611
