Size: 1686
Order: 512
Assortativity: -0.6422847
Transitivity: 0.0756
Degree: 0.0128883
Coreness: 3.0
Number_Triangles: 19.0
Number_Cliques: 1154
Clique_number: 8
Clustering: 0.3759962
Edge_connectivity: 1
Betweeness: 0.0029431
Centrality: 0.4059537
Communicability: 539218387547.0
Density: 0.0128883
Diameter: 4.0
Eccentricity: 3.0
Pagerank: 0.0019531
Radius: 2.0
Square_clustering: 0.0112248
