Size: 473
Order: 354
Assortativity: -0.7337489
Transitivity: 0.0065
Degree: 0.0075703
Coreness: 1.0
Number_Triangles: 1.0
Number_Cliques: 351
Clique_number: 4
Clustering: 0.3053352
Edge_connectivity: 1
Betweeness: 0.0031088
Centrality: 0.4807659
Communicability: 823215.801977
Density: 0.0075703
Diameter: 3.0
Eccentricity: 2.0
Pagerank: 0
Radius: 2.0
Square_clustering: 0.0092664
