Size: 118
Order: 106
Assortativity: -0.8320924
Transitivity: 0.00724
Degree: 0.021204
Coreness: 1.0
Number_Triangles: 0.0
Number_Cliques: 104
Clique_number: 3
Clustering: 0.1236869
Edge_connectivity: 1
Betweeness: 0.0097191
Centrality: 0.5007438
Communicability: 307.2334938
Density: 0.021204
Diameter: 3.0
Eccentricity: 2.0
Pagerank: 0
Radius: 2.0
Square_clustering: 0.0266137
