Size: 116
Order: 102
Assortativity: -0.8106605
Transitivity: 0.00926
Degree: 0.0225199
Coreness: 1.0
Number_Triangles: 0.0
Number_Cliques: 100
Clique_number: 3
Clustering: 0.1478644
Edge_connectivity: 1
Betweeness: 0.0104038
Centrality: 0.4944293
Communicability: 258.2623372
Density: 0.0225199
Diameter: 3.0
Eccentricity: 2.0
Pagerank: 0
Radius: 2.0
Square_clustering: 0.025699
