Size: 3046
Order: 2076
Assortativity: -0.8528628
Transitivity: 0.00162
Degree: 0.0014142
Coreness: 1.0
Number_Triangles: 1.0
Number_Cliques: 2073
Clique_number: 4
Clustering: 0.4200436
Edge_connectivity: 1
Betweeness: 0.0005825
Centrality: 0.4556531
Communicability: 1.16834160449e+17
Density: 0.0014142
Diameter: 3.0
Eccentricity: 2.0
Pagerank: 0
Radius: 2.0
Square_clustering: 0.0021254
