Size: 165
Order: 109
Assortativity: -0.741447
Transitivity: 0.03665
Degree: 0.0280326
Coreness: 1.0
Number_Triangles: 1.0
Number_Cliques: 107
Clique_number: 4
Clustering: 0.4157841
Edge_connectivity: 1
Betweeness: 0.0113448
Centrality: 0.458191
Communicability: 656.623901
Density: 0.0280326
Diameter: 4.0
Eccentricity: 3.0
Pagerank: 0
Radius: 2.0
Square_clustering: 0.0289128
