Size: 860
Order: 626
Assortativity: -0.9831122
Transitivity: 0.00378
Degree: 0.0043962
Coreness: 1.0
Number_Triangles: 1.0
Number_Cliques: 624
Clique_number: 3
Clustering: 0.3754077
Edge_connectivity: 1
Betweeness: 0.0018939
Centrality: 0.4610258
Communicability: 436918298.279
Density: 0.0043962
Diameter: 3.0
Eccentricity: 2.0
Pagerank: 0
Radius: 2.0
Square_clustering: 0.0055912
