Size: 4226
Order: 2009
Assortativity: -0.6397638
Transitivity: 0.00507
Degree: 0.0020952
Coreness: 2.0
Number_Triangles: 4.0
Number_Cliques: 2685
Clique_number: 5
Clustering: 0.364721
Edge_connectivity: 1
Betweeness: 0.0007353
Centrality: 0.410434
Communicability: 4.20651229225e+16
Density: 0.0020952
Diameter: 4.0
Eccentricity: 3.0
Pagerank: 0
Radius: 2.0
Square_clustering: 0.0232398
