Size: 3107
Order: 300
Assortativity: -0.5340904
Transitivity: 0.24118
Degree: 0.0692754
Coreness: 11.0
Number_Triangles: 149.0
Number_Cliques: 3905
Clique_number: 13
Clustering: 0.5235445
Edge_connectivity: 1
Betweeness: 0.0047294
Centrality: 0.4253256
Communicability: 4.72541580968e+18
Density: 0.0692754
Diameter: 4.0
Eccentricity: 3.0
Pagerank: 0.0033333
Radius: 2.0
Square_clustering: 0.0863065
