Size: 2266
Order: 1052
Assortativity: -0.9258466
Transitivity: 0.0086
Degree: 0.0040989
Coreness: 2.0
Number_Triangles: 4.0
Number_Cliques: 1303
Clique_number: 5
Clustering: 0.4820939
Edge_connectivity: 1
Betweeness: 0.0013013
Centrality: 0.4271987
Communicability: 1.76976937109e+13
Density: 0.0040989
Diameter: 4.0
Eccentricity: 3.0
Pagerank: 0
Radius: 2.0
Square_clustering: 0.0043111
