Size: 2353
Order: 1011
Assortativity: -0.6766098
Transitivity: 0.01465
Degree: 0.0046087
Coreness: 2.0
Number_Triangles: 4.0
Number_Cliques: 1698
Clique_number: 5
Clustering: 0.3877187
Edge_connectivity: 1
Betweeness: 0.0018909
Centrality: 0.3493214
Communicability: 5350585175.67
Density: 0.0046087
Diameter: 4.0
Eccentricity: 3.0
Pagerank: 0
Radius: 2.0
Square_clustering: 0.1101207
