Size: 3583
Order: 1067
Assortativity: -0.7687788
Transitivity: 0.02427
Degree: 0.0063002
Coreness: 3.0
Number_Triangles: 14.0
Number_Cliques: 2030
Clique_number: 6
Clustering: 0.5593905
Edge_connectivity: 1
Betweeness: 0.0013522
Centrality: 0.4152198
Communicability: 2.28464058115e+16
Density: 0.0063002
Diameter: 4.0
Eccentricity: 3.0
Pagerank: 0.0009372
Radius: 2.0
Square_clustering: 0.0087884
