Size: 133
Order: 105
Assortativity: -0.8018248
Transitivity: 0.01533
Degree: 0.024359
Coreness: 1.0
Number_Triangles: 0.0
Number_Cliques: 103
Clique_number: 3
Clustering: 0.2768009
Edge_connectivity: 1
Betweeness: 0.0097283
Centrality: 0.5027247
Communicability: 524.1167034
Density: 0.024359
Diameter: 3.0
Eccentricity: 2.0
Pagerank: 0
Radius: 2.0
Square_clustering: 0.0640089
