Size: 1720
Order: 1675
Assortativity: -0.9458313
Transitivity: 0.0001
Degree: 0.0012268
Coreness: 1.0
Number_Triangles: 0.0
Number_Cliques: 1673
Clique_number: 3
Clustering: 0.0274834
Edge_connectivity: 1
Betweeness: 0.0006005
Centrality: 0.499245
Communicability: 3.44996465642e+14
Density: 0.0012268
Diameter: 3.0
Eccentricity: 2.0
Pagerank: 0
Radius: 2.0
Square_clustering: 0.0013456
