Size: 2239
Order: 1006
Assortativity: -0.6893157
Transitivity: 0.01138
Degree: 0.0044291
Coreness: 2.0
Number_Triangles: 5.0
Number_Cliques: 1240
Clique_number: 6
Clustering: 0.4635916
Edge_connectivity: 1
Betweeness: 0.0012635
Centrality: 0.4449926
Communicability: 2.40158141991e+13
Density: 0.0044291
Diameter: 4.0
Eccentricity: 3.0
Pagerank: 0
Radius: 2.0
Square_clustering: 0.005432
