Size: 313
Order: 311
Assortativity: -0.9639189
Transitivity: 0.00019
Degree: 0.0064931
Coreness: 1.0
Number_Triangles: 0.0
Number_Cliques: 309
Clique_number: 3
Clustering: 0.0101059
Edge_connectivity: 1
Betweeness: 0.0032763
Centrality: 0.4984647
Communicability: 132323.750826
Density: 0.0064931
Diameter: 3.0
Eccentricity: 2.0
Pagerank: 0
Radius: 2.0
Square_clustering: 0.006452
