Size: 1382
Order: 1290
Assortativity: -0.8305367
Transitivity: 0.00038
Degree: 0.0016622
Coreness: 1.0
Number_Triangles: 0.0
Number_Cliques: 1288
Clique_number: 3
Clustering: 0.0720978
Edge_connectivity: 1
Betweeness: 0.0008613
Centrality: 0.4774219
Communicability: 1.15562898972e+12
Density: 0.0016622
Diameter: 3.0
Eccentricity: 2.0
Pagerank: 0
Radius: 2.0
Square_clustering: 0.0016222
