Size: 6346
Order: 2065
Assortativity: -0.7295958
Transitivity: 0.01357
Degree: 0.0029778
Coreness: 3.0
Number_Triangles: 9.0
Number_Cliques: 4284
Clique_number: 5
Clustering: 0.4715084
Edge_connectivity: 1
Betweeness: 0.0007772
Centrality: 0.3887413
Communicability: 9.41268001705e+17
Density: 0.0029778
Diameter: 4.0
Eccentricity: 3.0
Pagerank: 0.0004843
Radius: 2.0
Square_clustering: 0.0021878
