Size: 217
Order: 112
Assortativity: -0.8637465
Transitivity: 0.06561
Degree: 0.0349099
Coreness: 2.0
Number_Triangles: 3.0
Number_Cliques: 198
Clique_number: 3
Clustering: 0.207519
Edge_connectivity: 1
Betweeness: 0.01373
Centrality: 0.4059634
Communicability: 2473.2531307
Density: 0.0349099
Diameter: 4.0
Eccentricity: 3.0
Pagerank: 0.0089286
Radius: 2.0
Square_clustering: 0.060853
