Size: 988
Order: 611
Assortativity: -0.6605631
Transitivity: 0.00929
Degree: 0.0053017
Coreness: 1.0
Number_Triangles: 1.0
Number_Cliques: 774
Clique_number: 5
Clustering: 0.2063372
Edge_connectivity: 1
Betweeness: 0.0028948
Centrality: 0.3691607
Communicability: 5015843.56995
Density: 0.0053017
Diameter: 4.0
Eccentricity: 3.0
Pagerank: 0
Radius: 2.0
Square_clustering: 0.0030448
