Size: 214
Order: 107
Assortativity: -0.7002552
Transitivity: 0.09538
Degree: 0.0377358
Coreness: 2.0
Number_Triangles: 3.0
Number_Cliques: 133
Clique_number: 4
Clustering: 0.3972251
Edge_connectivity: 1
Betweeness: 0.0155814
Centrality: 0.3872291
Communicability: 987.3667974
Density: 0.0377358
Diameter: 4.0
Eccentricity: 3.0
Pagerank: 0.0093458
Radius: 2.0
Square_clustering: 0.0511428
