Size: 591
Order: 502
Assortativity: -0.6062227
Transitivity: 0.00387
Degree: 0.0046998
Coreness: 1.0
Number_Triangles: 0.0
Number_Cliques: 537
Clique_number: 3
Clustering: 0.081961
Edge_connectivity: 1
Betweeness: 0.0036566
Centrality: 0.3605522
Communicability: 71162.3606374
Density: 0.0046998
Diameter: 4.0
Eccentricity: 3.0
Pagerank: 0
Radius: 2.0
Square_clustering: 0.0022677
