Size: 337
Order: 333
Assortativity: -0.8004923
Transitivity: 0.00039
Degree: 0.0060965
Coreness: 1.0
Number_Triangles: 0.0
Number_Cliques: 331
Clique_number: 3
Clustering: 0.0150222
Edge_connectivity: 1
Betweeness: 0.0038862
Centrality: 0.4421954
Communicability: 43995.1059992
Density: 0.0060965
Diameter: 3.0
Eccentricity: 2.0
Pagerank: 0
Radius: 2.0
Square_clustering: 0.0060097
