Size: 3126
Order: 1001
Assortativity: -0.65896
Transitivity: 0.02452
Degree: 0.0062458
Coreness: 3.0
Number_Triangles: 9.0
Number_Cliques: 2494
Clique_number: 5
Clustering: 0.2397836
Edge_connectivity: 1
Betweeness: 0.0016558
Centrality: 0.3816811
Communicability: 3.0911224189e+13
Density: 0.0062458
Diameter: 4.0
Eccentricity: 3.0
Pagerank: 0.000999
Radius: 2.0
Square_clustering: 0.0051147
