Size: 138
Order: 123
Assortativity: -0.9830243
Transitivity: 0.01004
Degree: 0.0183926
Coreness: 1.0
Number_Triangles: 0.0
Number_Cliques: 121
Clique_number: 3
Clustering: 0.130191
Edge_connectivity: 1
Betweeness: 0.0111415
Centrality: 0.429557
Communicability: 142.2754537
Density: 0.0183926
Diameter: 3.0
Eccentricity: 2.0
Pagerank: 0
Radius: 2.0
Square_clustering: 0.0169658
