Size: 8403
Order: 2000
Assortativity: -0.4950775
Transitivity: 0.04582
Degree: 0.0042036
Coreness: 4.0
Number_Triangles: 23.0
Number_Cliques: 7231
Clique_number: 10
Clustering: 0.3747366
Edge_connectivity: 1
Betweeness: 0.0010123
Centrality: 0.3357524
Communicability: 4.78789139406e+18
Density: 0.0042036
Diameter: 4.0
Eccentricity: 3.0
Pagerank: 0.0005
Radius: 2.0
Square_clustering: 0.0156182
