Size: 409
Order: 389
Assortativity: -0.8924856
Transitivity: 0.00086
Degree: 0.0054197
Coreness: 1.0
Number_Triangles: 0.0
Number_Cliques: 387
Clique_number: 3
Clustering: 0.0541281
Edge_connectivity: 1
Betweeness: 0.0026439
Centrality: 0.4959623
Communicability: 867393.639007
Density: 0.0054197
Diameter: 3.0
Eccentricity: 2.0
Pagerank: 0
Radius: 2.0
Square_clustering: 0.0056367
