Size: 2243
Order: 563
Assortativity: -0.4694767
Transitivity: 0.04532
Degree: 0.014178
Coreness: 4.0
Number_Triangles: 24.0
Number_Cliques: 817
Clique_number: 9
Clustering: 0.7370909
Edge_connectivity: 1
Betweeness: 0.0017573
Centrality: 0.504235
Communicability: 3.49123528067e+13
Density: 0.014178
Diameter: 2.0
Eccentricity: 1.0
Pagerank: 0.0017762
Radius: 1.0
Square_clustering: 0.2195673
