Size: 797
Order: 370
Assortativity: -0.5807499
Transitivity: 0.02366
Degree: 0.0116751
Coreness: 2.0
Number_Triangles: 4.0
Number_Cliques: 506
Clique_number: 5
Clustering: 0.4563292
Edge_connectivity: 1
Betweeness: 0.00318
Centrality: 0.4654776
Communicability: 30732214.3543
Density: 0.0116751
Diameter: 4.0
Eccentricity: 3.0
Pagerank: 0
Radius: 2.0
Square_clustering: 0.0425037
