Size: 1207
Order: 1026
Assortativity: -0.739088
Transitivity: 0.00133
Degree: 0.0022954
Coreness: 1.0
Number_Triangles: 0.0
Number_Cliques: 1045
Clique_number: 3
Clustering: 0.1501217
Edge_connectivity: 1
Betweeness: 0.0012219
Centrality: 0.4486551
Communicability: 9223356244.93
Density: 0.0022954
Diameter: 4.0
Eccentricity: 3.0
Pagerank: 0
Radius: 2.0
Square_clustering: 0.0023034
