Size: 1887
Order: 1046
Assortativity: -0.7484353
Transitivity: 0.00923
Degree: 0.0034527
Coreness: 1.0
Number_Triangles: 3.0
Number_Cliques: 1186
Clique_number: 5
Clustering: 0.3473572
Edge_connectivity: 1
Betweeness: 0.001651
Centrality: 0.371728
Communicability: 173988034543.0
Density: 0.0034527
Diameter: 4.0
Eccentricity: 3.0
Pagerank: 0
Radius: 2.0
Square_clustering: 0.0586323
