Size: 346
Order: 329
Assortativity: -0.9116447
Transitivity: 0.001
Degree: 0.0064126
Coreness: 1.0
Number_Triangles: 0.0
Number_Cliques: 327
Clique_number: 3
Clustering: 0.0550322
Edge_connectivity: 1
Betweeness: 0.0030385
Centrality: 0.5023657
Communicability: 243386.405428
Density: 0.0064126
Diameter: 2.0
Eccentricity: 1.0
Pagerank: 0
Radius: 1.0
Square_clustering: 0.0607903
