Size: 4173
Order: 1088
Assortativity: -0.7177912
Transitivity: 0.02062
Degree: 0.007057
Coreness: 3.0
Number_Triangles: 22.0
Number_Cliques: 1542
Clique_number: 8
Clustering: 0.7185555
Edge_connectivity: 1
Betweeness: 0.0010451
Centrality: 0.4713173
Communicability: 1.19079126188e+21
Density: 0.007057
Diameter: 4.0
Eccentricity: 3.0
Pagerank: 0
Radius: 2.0
Square_clustering: 0.0212428
