Size: 444
Order: 351
Assortativity: -0.775746
Transitivity: 0.00828
Degree: 0.0072283
Coreness: 1.0
Number_Triangles: 0.0
Number_Cliques: 376
Clique_number: 4
Clustering: 0.131848
Edge_connectivity: 1
Betweeness: 0.0049087
Centrality: 0.3734115
Communicability: 12966.1504107
Density: 0.0072283
Diameter: 4.0
Eccentricity: 3.0
Pagerank: 0
Radius: 2.0
Square_clustering: 0.0097667
