Size: 665
Order: 521
Assortativity: -0.6538675
Transitivity: 0.0064
Degree: 0.0049092
Coreness: 1.0
Number_Triangles: 1.0
Number_Cliques: 550
Clique_number: 4
Clustering: 0.1628574
Edge_connectivity: 1
Betweeness: 0.0030082
Centrality: 0.3996679
Communicability: 1884489.43527
Density: 0.0049092
Diameter: 4.0
Eccentricity: 3.0
Pagerank: 0
Radius: 2.0
Square_clustering: 0.0071267
