Size: 889
Order: 635
Assortativity: -0.6988
Transitivity: 0.0018
Degree: 0.0044164
Coreness: 1.0
Number_Triangles: 0.0
Number_Cliques: 837
Clique_number: 3
Clustering: 0.0742785
Edge_connectivity: 1
Betweeness: 0.0016981
Centrality: 0.4849502
Communicability: 365994426.163
Density: 0.0044164
Diameter: 4.0
Eccentricity: 3.0
Pagerank: 0
Radius: 2.0
Square_clustering: 0.0075038
