Size: 530
Order: 509
Assortativity: -0.9157205
Transitivity: 0.00052
Degree: 0.0040994
Coreness: 1.0
Number_Triangles: 0.0
Number_Cliques: 507
Clique_number: 3
Clustering: 0.0433455
Edge_connectivity: 1
Betweeness: 0.0019937
Centrality: 0.4983846
Communicability: 11838481.2927
Density: 0.0040994
Diameter: 3.0
Eccentricity: 2.0
Pagerank: 0
Radius: 2.0
Square_clustering: 0.0043959
