Size: 515
Order: 310
Assortativity: -0.7017572
Transitivity: 0.02254
Degree: 0.0107527
Coreness: 1.0
Number_Triangles: 1.0
Number_Cliques: 385
Clique_number: 5
Clustering: 0.2774066
Edge_connectivity: 1
Betweeness: 0.0059265
Centrality: 0.3603813
Communicability: 43504.9592237
Density: 0.0107527
Diameter: 4.0
Eccentricity: 3.0
Pagerank: 0
Radius: 2.0
Square_clustering: 0.0567221
