Size: 903
Order: 608
Assortativity: -0.7073922
Transitivity: 0.01187
Degree: 0.0048936
Coreness: 1.0
Number_Triangles: 2.0
Number_Cliques: 655
Clique_number: 5
Clustering: 0.2217294
Edge_connectivity: 1
Betweeness: 0.0022829
Centrality: 0.4226344
Communicability: 13881642.8378
Density: 0.0048936
Diameter: 4.0
Eccentricity: 3.0
Pagerank: 0
Radius: 2.0
Square_clustering: 0.0031021
