Size: 668
Order: 578
Assortativity: -0.8479626
Transitivity: 0.00216
Degree: 0.0040059
Coreness: 1.0
Number_Triangles: 0.0
Number_Cliques: 576
Clique_number: 3
Clustering: 0.1574479
Edge_connectivity: 1
Betweeness: 0.0021902
Centrality: 0.4458955
Communicability: 8685483.00708
Density: 0.0040059
Diameter: 3.0
Eccentricity: 2.0
Pagerank: 0
Radius: 2.0
Square_clustering: 0.0037795
