Size: 830
Order: 300
Assortativity: -0.8116397
Transitivity: 0.05386
Degree: 0.0185061
Coreness: 2.0
Number_Triangles: 9.0
Number_Cliques: 489
Clique_number: 5
Clustering: 0.512836
Edge_connectivity: 1
Betweeness: 0.004551
Centrality: 0.4301342
Communicability: 61056868.862
Density: 0.0185061
Diameter: 4.0
Eccentricity: 3.0
Pagerank: 0.0033333
Radius: 2.0
Square_clustering: 0.0202043
