Size: 751
Order: 619
Assortativity: -0.731024
Transitivity: 0.00254
Degree: 0.0039264
Coreness: 1.0
Number_Triangles: 0.0
Number_Cliques: 616
Clique_number: 4
Clustering: 0.1778004
Edge_connectivity: 1
Betweeness: 0.0017175
Centrality: 0.4879822
Communicability: 117438743.598
Density: 0.0039264
Diameter: 3.0
Eccentricity: 2.0
Pagerank: 0
Radius: 2.0
Square_clustering: 0.0034059
