Size: 1884
Order: 1019
Assortativity: -0.8441724
Transitivity: 0.00599
Degree: 0.0036324
Coreness: 1.0
Number_Triangles: 2.0
Number_Cliques: 1361
Clique_number: 4
Clustering: 0.3635803
Edge_connectivity: 1
Betweeness: 0.0014585
Centrality: 0.4085115
Communicability: 221900034996.0
Density: 0.0036324
Diameter: 4.0
Eccentricity: 3.0
Pagerank: 0
Radius: 2.0
Square_clustering: 0.0028632
