Size: 370
Order: 342
Assortativity: -0.8405322
Transitivity: 0.00223
Degree: 0.0063453
Coreness: 1.0
Number_Triangles: 0.0
Number_Cliques: 340
Clique_number: 3
Clustering: 0.0848107
Edge_connectivity: 1
Betweeness: 0.0038985
Centrality: 0.4337572
Communicability: 37142.8208802
Density: 0.0063453
Diameter: 3.0
Eccentricity: 2.0
Pagerank: 0
Radius: 2.0
Square_clustering: 0.0059705
