Size: 579
Order: 516
Assortativity: -0.8910012
Transitivity: 0.00213
Degree: 0.0043576
Coreness: 1.0
Number_Triangles: 0.0
Number_Cliques: 514
Clique_number: 3
Clustering: 0.1240384
Edge_connectivity: 1
Betweeness: 0.0025869
Centrality: 0.4324018
Communicability: 1050285.96473
Density: 0.0043576
Diameter: 3.0
Eccentricity: 2.0
Pagerank: 0
Radius: 2.0
Square_clustering: 0.0040518
