Size: 1807
Order: 1226
Assortativity: -0.8366931
Transitivity: 0.00222
Degree: 0.0024064
Coreness: 1.0
Number_Triangles: 1.0
Number_Cliques: 1292
Clique_number: 3
Clustering: 0.4083825
Edge_connectivity: 1
Betweeness: 0.0009787
Centrality: 0.4595813
Communicability: 1.57889268858e+13
Density: 0.0024064
Diameter: 4.0
Eccentricity: 3.0
Pagerank: 0
Radius: 2.0
Square_clustering: 0.0039677
