Size: 110
Order: 110
Assortativity: -0.9209831
Transitivity: 0.00055
Degree: 0.0183486
Coreness: 1.0
Number_Triangles: 0.0
Number_Cliques: 108
Clique_number: 3
Clustering: 0.0096986
Edge_connectivity: 1
Betweeness: 0.0097257
Centrality: 0.4922435
Communicability: 260.7064951
Density: 0.0183486
Diameter: 3.0
Eccentricity: 2.0
Pagerank: 0
Radius: 2.0
Square_clustering: 0.0
