Size: 4007
Order: 2084
Assortativity: -0.8090496
Transitivity: 0.00373
Degree: 0.0018461
Coreness: 1.0
Number_Triangles: 2.0
Number_Cliques: 2962
Clique_number: 4
Clustering: 0.3154421
Edge_connectivity: 1
Betweeness: 0.000784
Centrality: 0.3849646
Communicability: 2.03532767147e+15
Density: 0.0018461
Diameter: 4.0
Eccentricity: 3.0
Pagerank: 0
Radius: 2.0
Square_clustering: 0.0016669
