Size: 134
Order: 124
Assortativity: -0.8131136
Transitivity: 0.00502
Degree: 0.0175715
Coreness: 1.0
Number_Triangles: 0.0
Number_Cliques: 122
Clique_number: 3
Clustering: 0.0891077
Edge_connectivity: 1
Betweeness: 0.0091383
Centrality: 0.4781578
Communicability: 402.7736725
Density: 0.0175715
Diameter: 3.0
Eccentricity: 2.0
Pagerank: 0
Radius: 2.0
Square_clustering: 0.0169987
