Size: 1528
Order: 1482
Assortativity: -0.8700322
Transitivity: 0.00014
Degree: 0.0013924
Coreness: 1.0
Number_Triangles: 0.0
Number_Cliques: 1480
Clique_number: 3
Clustering: 0.0317177
Edge_connectivity: 1
Betweeness: 0.0007429
Centrality: 0.479534
Communicability: 1.25842333673e+13
Density: 0.0013924
Diameter: 3.0
Eccentricity: 2.0
Pagerank: 0
Radius: 2.0
Square_clustering: 0.0013627
