Size: 944
Order: 776
Assortativity: -0.7780418
Transitivity: 0.00188
Degree: 0.0031393
Coreness: 1.0
Number_Triangles: 0.0
Number_Cliques: 792
Clique_number: 3
Clustering: 0.1886371
Edge_connectivity: 1
Betweeness: 0.0015256
Centrality: 0.4625882
Communicability: 783117138.866
Density: 0.0031393
Diameter: 4.0
Eccentricity: 3.0
Pagerank: 0
Radius: 2.0
Square_clustering: 0.0034614
