Size: 312
Order: 306
Assortativity: -0.9267726
Transitivity: 0.00047
Degree: 0.006686
Coreness: 1.0
Number_Triangles: 0.0
Number_Cliques: 304
Clique_number: 3
Clustering: 0.0231277
Edge_connectivity: 1
Betweeness: 0.0033906
Centrality: 0.4946221
Communicability: 108954.745039
Density: 0.006686
Diameter: 3.0
Eccentricity: 2.0
Pagerank: 0
Radius: 2.0
Square_clustering: 0.0066143
