Size: 617
Order: 523
Assortativity: -0.7874675
Transitivity: 0.00296
Degree: 0.00452
Coreness: 1.0
Number_Triangles: 0.0
Number_Cliques: 536
Clique_number: 3
Clustering: 0.1409589
Edge_connectivity: 1
Betweeness: 0.0025175
Centrality: 0.4366419
Communicability: 2005014.64826
Density: 0.00452
Diameter: 4.0
Eccentricity: 3.0
Pagerank: 0
Radius: 2.0
Square_clustering: 0.0047572
