Size: 3692
Order: 1056
Assortativity: -0.6835474
Transitivity: 0.02135
Degree: 0.0066279
Coreness: 3.0
Number_Triangles: 14.0
Number_Cliques: 2384
Clique_number: 6
Clustering: 0.5852073
Edge_connectivity: 1
Betweeness: 0.0012229
Centrality: 0.441053
Communicability: 7.79813729157e+16
Density: 0.0066279
Diameter: 4.0
Eccentricity: 3.0
Pagerank: 0.000947
Radius: 2.0
Square_clustering: 0.0056279
