Size: 224
Order: 102
Assortativity: -0.5864032
Transitivity: 0.09969
Degree: 0.0434867
Coreness: 2.0
Number_Triangles: 4.0
Number_Cliques: 135
Clique_number: 5
Clustering: 0.3560436
Edge_connectivity: 1
Betweeness: 0.0139837
Centrality: 0.4273436
Communicability: 2701.6675326
Density: 0.0434867
Diameter: 4.0
Eccentricity: 3.0
Pagerank: 0.0098039
Radius: 2.0
Square_clustering: 0.0565361
