Size: 2025
Order: 2013
Assortativity: -0.9836402
Transitivity: 2e-05
Degree: 0.001
Coreness: 1.0
Number_Triangles: 0.0
Number_Cliques: 2011
Clique_number: 3
Clustering: 0.0065002
Edge_connectivity: 1
Betweeness: 0.0004987
Centrality: 0.4995521
Communicability: 1.44706844301e+16
Density: 0.001
Diameter: 3.0
Eccentricity: 2.0
Pagerank: 0
Radius: 2.0
Square_clustering: 0.0010032
