Size: 1319
Order: 1036
Assortativity: -0.5943542
Transitivity: 0.00228
Degree: 0.0024602
Coreness: 1.0
Number_Triangles: 0.0
Number_Cliques: 1110
Clique_number: 4
Clustering: 0.1720011
Edge_connectivity: 1
Betweeness: 0.0014806
Centrality: 0.4034276
Communicability: 1797474562.14
Density: 0.0024602
Diameter: 4.0
Eccentricity: 3.0
Pagerank: 0
Radius: 2.0
Square_clustering: 0.0008858
