Size: 487
Order: 338
Assortativity: -0.8968151
Transitivity: 0.01027
Degree: 0.0085509
Coreness: 1.0
Number_Triangles: 1.0
Number_Cliques: 379
Clique_number: 3
Clustering: 0.2732474
Edge_connectivity: 1
Betweeness: 0.004146
Centrality: 0.4239139
Communicability: 243998.642749
Density: 0.0085509
Diameter: 4.0
Eccentricity: 3.0
Pagerank: 0
Radius: 2.0
Square_clustering: 0.0088665
