Size: 346
Order: 337
Assortativity: -0.822688
Transitivity: 0.00085
Degree: 0.0061113
Coreness: 1.0
Number_Triangles: 0.0
Number_Cliques: 335
Clique_number: 3
Clustering: 0.0296806
Edge_connectivity: 1
Betweeness: 0.0040743
Centrality: 0.4264095
Communicability: 22172.3192949
Density: 0.0061113
Diameter: 3.0
Eccentricity: 2.0
Pagerank: 0
Radius: 2.0
Square_clustering: 0.0059474
