Size: 2025
Order: 1275
Assortativity: -0.8744742
Transitivity: 0.00481
Degree: 0.0024933
Coreness: 1.0
Number_Triangles: 1.0
Number_Cliques: 1566
Clique_number: 4
Clustering: 0.2529609
Edge_connectivity: 1
Betweeness: 0.0013707
Centrality: 0.3692512
Communicability: 18244751623.1
Density: 0.0024933
Diameter: 4.0
Eccentricity: 3.0
Pagerank: 0
Radius: 2.0
Square_clustering: 0.0015255
