Size: 5277
Order: 2042
Assortativity: -0.4422893
Transitivity: 0.00997
Degree: 0.0025323
Coreness: 2.0
Number_Triangles: 6.0
Number_Cliques: 4009
Clique_number: 6
Clustering: 0.2694775
Edge_connectivity: 1
Betweeness: 0.000814
Centrality: 0.3825264
Communicability: 5.56303057527e+15
Density: 0.0025323
Diameter: 4.0
Eccentricity: 3.0
Pagerank: 0
Radius: 2.0
Square_clustering: 0.0030944
