Size: 390
Order: 379
Assortativity: -0.7944478
Transitivity: 0.00075
Degree: 0.0054446
Coreness: 1.0
Number_Triangles: 0.0
Number_Cliques: 377
Clique_number: 3
Clustering: 0.029032
Edge_connectivity: 1
Betweeness: 0.0035068
Centrality: 0.4351622
Communicability: 87497.3148144
Density: 0.0054446
Diameter: 4.0
Eccentricity: 3.0
Pagerank: 0
Radius: 2.0
Square_clustering: 0.0055114
