Size: 124
Order: 123
Assortativity: -0.8099268
Transitivity: 0.00108
Degree: 0.0165267
Coreness: 1.0
Number_Triangles: 0.0
Number_Cliques: 121
Clique_number: 3
Clustering: 0.0163406
Edge_connectivity: 1
Betweeness: 0.0101304
Centrality: 0.4554571
Communicability: 228.2776471
Density: 0.0165267
Diameter: 3.0
Eccentricity: 2.0
Pagerank: 0
Radius: 2.0
Square_clustering: 0.0162691
