Size: 1463
Order: 1106
Assortativity: -0.7286572
Transitivity: 0.0025
Degree: 0.0023942
Coreness: 1.0
Number_Triangles: 0.0
Number_Cliques: 1131
Clique_number: 4
Clustering: 0.2560828
Edge_connectivity: 1
Betweeness: 0.0012069
Centrality: 0.4332312
Communicability: 26041786839.6
Density: 0.0023942
Diameter: 4.0
Eccentricity: 3.0
Pagerank: 0
Radius: 2.0
Square_clustering: 0.0014277
