Size: 446
Order: 317
Assortativity: -0.9884011
Transitivity: 0.00779
Degree: 0.0089047
Coreness: 1.0
Number_Triangles: 1.0
Number_Cliques: 315
Clique_number: 3
Clustering: 0.410128
Edge_connectivity: 1
Betweeness: 0.0036771
Centrality: 0.4662621
Communicability: 758414.479778
Density: 0.0089047
Diameter: 3.0
Eccentricity: 2.0
Pagerank: 0
Radius: 2.0
Square_clustering: 0.0125307
