Size: 3849
Order: 2053
Assortativity: -0.6263114
Transitivity: 0.00455
Degree: 0.0018273
Coreness: 1.0
Number_Triangles: 2.0
Number_Cliques: 2803
Clique_number: 5
Clustering: 0.2841244
Edge_connectivity: 1
Betweeness: 0.0008019
Centrality: 0.3846965
Communicability: 1.00402951129e+15
Density: 0.0018273
Diameter: 4.0
Eccentricity: 3.0
Pagerank: 0
Radius: 2.0
Square_clustering: 0.0014096
