Size: 4918
Order: 2165
Assortativity: -0.7384819
Transitivity: 0.00821
Degree: 0.0020994
Coreness: 2.0
Number_Triangles: 4.0
Number_Cliques: 3566
Clique_number: 5
Clustering: 0.3230962
Edge_connectivity: 1
Betweeness: 0.0008755
Centrality: 0.350031
Communicability: 2.71471679561e+14
Density: 0.0020994
Diameter: 4.0
Eccentricity: 3.0
Pagerank: 0
Radius: 2.0
Square_clustering: 0.0015481
