Size: 3801
Order: 2591
Assortativity: -0.578377
Transitivity: 0.00181
Degree: 0.0011328
Coreness: 1.0
Number_Triangles: 2.0
Number_Cliques: 2663
Clique_number: 6
Clustering: 0.2379761
Edge_connectivity: 1
Betweeness: 0.0003858
Centrality: 0.5003817
Communicability: 3.05568516387e+19
Density: 0.0011328
Diameter: 2.0
Eccentricity: 1.0
Pagerank: 0
Radius: 1.0
Square_clustering: 0.135683
