Size: 1975
Order: 1031
Assortativity: -0.859342
Transitivity: 0.0015
Degree: 0.0037196
Coreness: 1.0
Number_Triangles: 0.0
Number_Cliques: 1880
Clique_number: 3
Clustering: 0.0425524
Edge_connectivity: 1
Betweeness: 0.0016666
Centrality: 0.3732536
Communicability: 403093695478.0
Density: 0.0037196
Diameter: 4.0
Eccentricity: 3.0
Pagerank: 0
Radius: 2.0
Square_clustering: 0.0299766
