Size: 371
Order: 300
Assortativity: -0.7229024
Transitivity: 0.00483
Degree: 0.008272
Coreness: 1.0
Number_Triangles: 0.0
Number_Cliques: 318
Clique_number: 3
Clustering: 0.149161
Edge_connectivity: 1
Betweeness: 0.0035195
Centrality: 0.4907822
Communicability: 147163.804604
Density: 0.008272
Diameter: 3.0
Eccentricity: 2.0
Pagerank: 0
Radius: 2.0
Square_clustering: 0.0158643
