Size: 1075
Order: 1056
Assortativity: -0.9111431
Transitivity: 0.00012
Degree: 0.0019298
Coreness: 1.0
Number_Triangles: 0.0
Number_Cliques: 1054
Clique_number: 3
Clustering: 0.0189513
Edge_connectivity: 1
Betweeness: 0.0010081
Centrality: 0.4872843
Communicability: 71122858268.4
Density: 0.0019298
Diameter: 3.0
Eccentricity: 2.0
Pagerank: 0
Radius: 2.0
Square_clustering: 0.0019039
