Size: 124
Order: 113
Assortativity: -0.7434709
Transitivity: 0.00754
Degree: 0.0195954
Coreness: 1.0
Number_Triangles: 0.0
Number_Cliques: 117
Clique_number: 3
Clustering: 0.0269393
Edge_connectivity: 1
Betweeness: 0.0164121
Centrality: 0.3603108
Communicability: 49.949989
Density: 0.0195954
Diameter: 4.0
Eccentricity: 3.0
Pagerank: 0
Radius: 2.0
Square_clustering: 0.0117479
