Size: 582
Order: 515
Assortativity: -0.8196257
Transitivity: 0.0016
Degree: 0.0043973
Coreness: 1.0
Number_Triangles: 0.0
Number_Cliques: 513
Clique_number: 3
Clustering: 0.1320769
Edge_connectivity: 1
Betweeness: 0.0020418
Centrality: 0.4905722
Communicability: 14253558.3797
Density: 0.0043973
Diameter: 3.0
Eccentricity: 2.0
Pagerank: 0
Radius: 2.0
Square_clustering: 0.0051599
