Size: 441
Order: 346
Assortativity: -0.7883221
Transitivity: 0.00688
Degree: 0.0073888
Coreness: 1.0
Number_Triangles: 0.0
Number_Cliques: 368
Clique_number: 3
Clustering: 0.1879269
Edge_connectivity: 1
Betweeness: 0.004103
Centrality: 0.4201108
Communicability: 56707.2058845
Density: 0.0073888
Diameter: 4.0
Eccentricity: 3.0
Pagerank: 0
Radius: 2.0
Square_clustering: 0.0063597
