Size: 569
Order: 550
Assortativity: -0.9369977
Transitivity: 0.0004
Degree: 0.0037688
Coreness: 1.0
Number_Triangles: 0.0
Number_Cliques: 548
Clique_number: 3
Clustering: 0.036537
Edge_connectivity: 1
Betweeness: 0.0018179
Centrality: 0.5013976
Communicability: 28784315.217
Density: 0.0037688
Diameter: 2.0
Eccentricity: 1.0
Pagerank: 0
Radius: 1.0
Square_clustering: 0.04
