Size: 598
Order: 555
Assortativity: -0.9719267
Transitivity: 0.00146
Degree: 0.0038898
Coreness: 1.0
Number_Triangles: 0.0
Number_Cliques: 553
Clique_number: 3
Clustering: 0.079283
Edge_connectivity: 1
Betweeness: 0.0025491
Centrality: 0.4168863
Communicability: 419717.798808
Density: 0.0038898
Diameter: 3.0
Eccentricity: 2.0
Pagerank: 0
Radius: 2.0
Square_clustering: 0.0036572
