Size: 4956
Order: 2280
Assortativity: -0.7966729
Transitivity: 0.00401
Degree: 0.0019076
Coreness: 2.0
Number_Triangles: 4.0
Number_Cliques: 3521
Clique_number: 4
Clustering: 0.4115907
Edge_connectivity: 1
Betweeness: 0.0005993
Centrality: 0.4269129
Communicability: 3.80904557959e+19
Density: 0.0019076
Diameter: 4.0
Eccentricity: 3.0
Pagerank: 0
Radius: 2.0
Square_clustering: 0.0019266
