Size: 121
Order: 115
Assortativity: -0.8401396
Transitivity: 0.00363
Degree: 0.0184592
Coreness: 1.0
Number_Triangles: 0.0
Number_Cliques: 113
Clique_number: 3
Clustering: 0.06146
Edge_connectivity: 1
Betweeness: 0.0096218
Centrality: 0.4842344
Communicability: 301.6055254
Density: 0.0184592
Diameter: 3.0
Eccentricity: 2.0
Pagerank: 0
Radius: 2.0
Square_clustering: 0.0179138
