Size: 114
Order: 101
Assortativity: -0.8034103
Transitivity: 0.00929
Degree: 0.0225743
Coreness: 1.0
Number_Triangles: 0.0
Number_Cliques: 99
Clique_number: 3
Clustering: 0.1392463
Edge_connectivity: 1
Betweeness: 0.0109651
Centrality: 0.484735
Communicability: 212.4636909
Density: 0.0225743
Diameter: 3.0
Eccentricity: 2.0
Pagerank: 0
Radius: 2.0
Square_clustering: 0.0230256
