Size: 175
Order: 100
Assortativity: -0.7272286
Transitivity: 0.04445
Degree: 0.0353535
Coreness: 1.0
Number_Triangles: 2.0
Number_Cliques: 114
Clique_number: 4
Clustering: 0.4875068
Edge_connectivity: 1
Betweeness: 0.0130076
Centrality: 0.4482759
Communicability: 833.3279162
Density: 0.0353535
Diameter: 4.0
Eccentricity: 3.0
Pagerank: 0.01
Radius: 2.0
Square_clustering: 0.1102048
