Size: 2106
Order: 1033
Assortativity: -0.6998226
Transitivity: 0.01033
Degree: 0.003951
Coreness: 2.0
Number_Triangles: 2.0
Number_Cliques: 1597
Clique_number: 4
Clustering: 0.2618539
Edge_connectivity: 1
Betweeness: 0.0017435
Centrality: 0.3643934
Communicability: 16541139428.0
Density: 0.003951
Diameter: 4.0
Eccentricity: 3.0
Pagerank: 0
Radius: 2.0
Square_clustering: 0.0022091
