Size: 298
Order: 100
Assortativity: -0.6416823
Transitivity: 0.1306
Degree: 0.060202
Coreness: 3.0
Number_Triangles: 9.0
Number_Cliques: 204
Clique_number: 5
Clustering: 0.4074429
Edge_connectivity: 1
Betweeness: 0.0121295
Centrality: 0.4638471
Communicability: 29660.8324965
Density: 0.060202
Diameter: 4.0
Eccentricity: 3.0
Pagerank: 0.01
Radius: 2.0
Square_clustering: 0.0745959
