Size: 166
Order: 119
Assortativity: -0.8270576
Transitivity: 0.0235
Degree: 0.0236434
Coreness: 1.0
Number_Triangles: 1.0
Number_Cliques: 116
Clique_number: 4
Clustering: 0.3481265
Edge_connectivity: 1
Betweeness: 0.0095136
Centrality: 0.4777798
Communicability: 1115.6620249
Density: 0.0236434
Diameter: 3.0
Eccentricity: 2.0
Pagerank: 0
Radius: 2.0
Square_clustering: 0.0386702
