Size: 3269
Order: 2151
Assortativity: -0.7227476
Transitivity: 0.00262
Degree: 0.0014137
Coreness: 1.0
Number_Triangles: 1.0
Number_Cliques: 2357
Clique_number: 4
Clustering: 0.3132938
Edge_connectivity: 1
Betweeness: 0.0008255
Centrality: 0.366702
Communicability: 5.84744927144e+13
Density: 0.0014137
Diameter: 4.0
Eccentricity: 3.0
Pagerank: 0
Radius: 2.0
Square_clustering: 0.0018715
