Size: 141
Order: 109
Assortativity: -0.824724
Transitivity: 0.01694
Degree: 0.0239551
Coreness: 1.0
Number_Triangles: 0.0
Number_Cliques: 107
Clique_number: 3
Clustering: 0.3031651
Edge_connectivity: 1
Betweeness: 0.0099603
Centrality: 0.4884843
Communicability: 596.9955705
Density: 0.0239551
Diameter: 3.0
Eccentricity: 2.0
Pagerank: 0
Radius: 2.0
Square_clustering: 0.0356488
