Size: 1132
Order: 639
Assortativity: -0.7262094
Transitivity: 0.01177
Degree: 0.0055533
Coreness: 1.0
Number_Triangles: 2.0
Number_Cliques: 870
Clique_number: 4
Clustering: 0.2718245
Edge_connectivity: 1
Betweeness: 0.0022075
Centrality: 0.4200843
Communicability: 188724081.692
Density: 0.0055533
Diameter: 4.0
Eccentricity: 3.0
Pagerank: 0
Radius: 2.0
Square_clustering: 0.0065048
