Size: 941
Order: 600
Assortativity: -0.9977313
Transitivity: 0.00463
Degree: 0.0052365
Coreness: 1.0
Number_Triangles: 1.0
Number_Cliques: 598
Clique_number: 3
Clustering: 0.5700103
Edge_connectivity: 1
Betweeness: 0.0018158
Centrality: 0.4811286
Communicability: 6554703025.24
Density: 0.0052365
Diameter: 3.0
Eccentricity: 2.0
Pagerank: 0
Radius: 2.0
Square_clustering: 0.014966
