Size: 400
Order: 362
Assortativity: -0.8083778
Transitivity: 0.00203
Degree: 0.0061217
Coreness: 1.0
Number_Triangles: 0.0
Number_Cliques: 360
Clique_number: 3
Clustering: 0.107784
Edge_connectivity: 1
Betweeness: 0.0031095
Centrality: 0.4757502
Communicability: 313155.012062
Density: 0.0061217
Diameter: 3.0
Eccentricity: 2.0
Pagerank: 0
Radius: 2.0
Square_clustering: 0.0060216
