Size: 384
Order: 330
Assortativity: -0.7525824
Transitivity: 0.00558
Degree: 0.0070738
Coreness: 1.0
Number_Triangles: 0.0
Number_Cliques: 327
Clique_number: 4
Clustering: 0.1455418
Edge_connectivity: 1
Betweeness: 0.004269
Centrality: 0.4208654
Communicability: 23420.6017562
Density: 0.0070738
Diameter: 3.0
Eccentricity: 2.0
Pagerank: 0
Radius: 2.0
Square_clustering: 0.0012328
