Size: 346
Order: 323
Assortativity: -0.8593056
Transitivity: 0.00216
Degree: 0.0066535
Coreness: 1.0
Number_Triangles: 0.0
Number_Cliques: 321
Clique_number: 3
Clustering: 0.0743173
Edge_connectivity: 1
Betweeness: 0.0042175
Centrality: 0.4282075
Communicability: 17913.9759688
Density: 0.0066535
Diameter: 3.0
Eccentricity: 2.0
Pagerank: 0
Radius: 2.0
Square_clustering: 0.006283
