Size: 444
Order: 381
Assortativity: -0.6888967
Transitivity: 0.00379
Degree: 0.0061334
Coreness: 1.0
Number_Triangles: 0.0
Number_Cliques: 402
Clique_number: 3
Clustering: 0.0795981
Edge_connectivity: 1
Betweeness: 0.004376
Centrality: 0.3817668
Communicability: 14902.7719055
Density: 0.0061334
Diameter: 4.0
Eccentricity: 3.0
Pagerank: 0
Radius: 2.0
Square_clustering: 0.0015243
