Size: 709
Order: 332
Assortativity: -0.7961772
Transitivity: 0.01973
Degree: 0.0129036
Coreness: 2.0
Number_Triangles: 3.0
Number_Cliques: 510
Clique_number: 4
Clustering: 0.4044543
Edge_connectivity: 1
Betweeness: 0.0038172
Centrality: 0.4481284
Communicability: 13291467.1567
Density: 0.0129036
Diameter: 4.0
Eccentricity: 3.0
Pagerank: 0
Radius: 2.0
Square_clustering: 0.014372
