Size: 446
Order: 374
Assortativity: -0.78497
Transitivity: 0.00491
Degree: 0.0063942
Coreness: 1.0
Number_Triangles: 0.0
Number_Cliques: 373
Clique_number: 4
Clustering: 0.1563387
Edge_connectivity: 1
Betweeness: 0.0034495
Centrality: 0.44183
Communicability: 146211.775908
Density: 0.0063942
Diameter: 3.0
Eccentricity: 2.0
Pagerank: 0
Radius: 2.0
Square_clustering: 0.0140208
