Size: 5571
Order: 2003
Assortativity: -0.7822924
Transitivity: 0.01005
Degree: 0.0027785
Coreness: 2.0
Number_Triangles: 8.0
Number_Cliques: 3399
Clique_number: 7
Clustering: 0.4363205
Edge_connectivity: 1
Betweeness: 0.0007814
Centrality: 0.3957617
Communicability: 9.7517374784e+18
Density: 0.0027785
Diameter: 4.0
Eccentricity: 3.0
Pagerank: 0
Radius: 2.0
Square_clustering: 0.002071
