Size: 25627
Order: 2031
Assortativity: -0.6994545
Transitivity: 0.11921
Degree: 0.0124315
Coreness: 13.0
Number_Triangles: 376.0
Number_Cliques: 333666
Clique_number: 17
Clustering: 0.5393228
Edge_connectivity: 1
Betweeness: 0.000827
Centrality: 0.3795314
Communicability: 2.16135409268e+55
Density: 0.0124315
Diameter: 4.0
Eccentricity: 3.0
Pagerank: 0.0004924
Radius: 2.0
Square_clustering: 0.0109566
