Size: 125
Order: 106
Assortativity: -0.8000544
Transitivity: 0.01149
Degree: 0.0224618
Coreness: 1.0
Number_Triangles: 0.0
Number_Cliques: 104
Clique_number: 3
Clustering: 0.1892557
Edge_connectivity: 1
Betweeness: 0.010208
Centrality: 0.4896605
Communicability: 326.7236385
Density: 0.0224618
Diameter: 3.0
Eccentricity: 2.0
Pagerank: 0
Radius: 2.0
Square_clustering: 0.0262291
