Size: 1595
Order: 1061
Assortativity: -0.8681156
Transitivity: 0.00307
Degree: 0.0028364
Coreness: 1.0
Number_Triangles: 1.0
Number_Cliques: 1252
Clique_number: 3
Clustering: 0.2751127
Edge_connectivity: 1
Betweeness: 0.0012323
Centrality: 0.4378459
Communicability: 157211151992.0
Density: 0.0028364
Diameter: 4.0
Eccentricity: 3.0
Pagerank: 0
Radius: 2.0
Square_clustering: 0.0026351
