Size: 466
Order: 326
Assortativity: -0.7408651
Transitivity: 0.00961
Degree: 0.0087966
Coreness: 1.0
Number_Triangles: 1.0
Number_Cliques: 326
Clique_number: 4
Clustering: 0.3604647
Edge_connectivity: 1
Betweeness: 0.0035279
Centrality: 0.4703186
Communicability: 514461.201726
Density: 0.0087966
Diameter: 3.0
Eccentricity: 2.0
Pagerank: 0
Radius: 2.0
Square_clustering: 0.0107668
