Size: 1603
Order: 545
Assortativity: -0.7410121
Transitivity: 0.01982
Degree: 0.0108135
Coreness: 3.0
Number_Triangles: 8.0
Number_Cliques: 998
Clique_number: 5
Clustering: 0.4832004
Edge_connectivity: 1
Betweeness: 0.0022718
Centrality: 0.4533004
Communicability: 1.24342427172e+12
Density: 0.0108135
Diameter: 4.0
Eccentricity: 3.0
Pagerank: 0
Radius: 2.0
Square_clustering: 0.0308518
