Size: 123
Order: 115
Assortativity: -0.7176386
Transitivity: 0.00545
Degree: 0.0187643
Coreness: 1.0
Number_Triangles: 0.0
Number_Cliques: 116
Clique_number: 3
Clustering: 0.034185
Edge_connectivity: 1
Betweeness: 0.0155309
Centrality: 0.3692062
Communicability: 53.0957224
Density: 0.0187643
Diameter: 4.0
Eccentricity: 3.0
Pagerank: 0
Radius: 2.0
Square_clustering: 0.0330594
