Size: 132
Order: 115
Assortativity: -0.7996254
Transitivity: 0.00934
Degree: 0.0201373
Coreness: 1.0
Number_Triangles: 0.0
Number_Cliques: 113
Clique_number: 3
Clustering: 0.1569365
Edge_connectivity: 1
Betweeness: 0.0098189
Centrality: 0.4792329
Communicability: 356.0235805
Density: 0.0201373
Diameter: 3.0
Eccentricity: 2.0
Pagerank: 0
Radius: 2.0
Square_clustering: 0.0204604
