Size: 418
Order: 384
Assortativity: -0.9859353
Transitivity: 0.00239
Degree: 0.0056843
Coreness: 1.0
Number_Triangles: 0.0
Number_Cliques: 382
Clique_number: 3
Clustering: 0.0911543
Edge_connectivity: 1
Betweeness: 0.003667
Centrality: 0.4186196
Communicability: 28391.0425974
Density: 0.0056843
Diameter: 3.0
Eccentricity: 2.0
Pagerank: 0
Radius: 2.0
Square_clustering: 0.0053119
