Size: 674
Order: 650
Assortativity: -0.9157887
Transitivity: 0.00036
Degree: 0.0031954
Coreness: 1.0
Number_Triangles: 0.0
Number_Cliques: 648
Clique_number: 3
Clustering: 0.0385303
Edge_connectivity: 1
Betweeness: 0.0015743
Centrality: 0.4962871
Communicability: 162014833.401
Density: 0.0031954
Diameter: 3.0
Eccentricity: 2.0
Pagerank: 0
Radius: 2.0
Square_clustering: 0.0032636
