Size: 1633
Order: 1011
Assortativity: -0.8115823
Transitivity: 0.00605
Degree: 0.0031985
Coreness: 1.0
Number_Triangles: 1.0
Number_Cliques: 1289
Clique_number: 4
Clustering: 0.2416423
Edge_connectivity: 1
Betweeness: 0.0019726
Centrality: 0.3381768
Communicability: 127811545.992
Density: 0.0031985
Diameter: 4.0
Eccentricity: 3.0
Pagerank: 0
Radius: 2.0
Square_clustering: 0.0064187
