Size: 2920
Order: 1013
Assortativity: -0.7099008
Transitivity: 0.01215
Degree: 0.0056967
Coreness: 2.0
Number_Triangles: 7.0
Number_Cliques: 2136
Clique_number: 4
Clustering: 0.4174798
Edge_connectivity: 1
Betweeness: 0.0012769
Centrality: 0.4419224
Communicability: 2.79435734342e+15
Density: 0.0056967
Diameter: 4.0
Eccentricity: 3.0
Pagerank: 0
Radius: 2.0
Square_clustering: 0.0063517
