Size: 330
Order: 328
Assortativity: -0.9301467
Transitivity: 0.00018
Degree: 0.0061535
Coreness: 1.0
Number_Triangles: 0.0
Number_Cliques: 326
Clique_number: 3
Clustering: 0.009247
Edge_connectivity: 1
Betweeness: 0.0032276
Centrality: 0.4900809
Communicability: 166603.761037
Density: 0.0061535
Diameter: 3.0
Eccentricity: 2.0
Pagerank: 0
Radius: 2.0
Square_clustering: 0.0061034
