Size: 457
Order: 369
Assortativity: -0.7501365
Transitivity: 0.00516
Degree: 0.0067309
Coreness: 1.0
Number_Triangles: 0.0
Number_Cliques: 385
Clique_number: 3
Clustering: 0.1749127
Edge_connectivity: 1
Betweeness: 0.0036012
Centrality: 0.4364712
Communicability: 159221.575952
Density: 0.0067309
Diameter: 4.0
Eccentricity: 3.0
Pagerank: 0
Radius: 2.0
Square_clustering: 0.0057725
