Size: 402
Order: 332
Assortativity: -0.9202185
Transitivity: 0.00522
Degree: 0.0073163
Coreness: 1.0
Number_Triangles: 0.0
Number_Cliques: 356
Clique_number: 3
Clustering: 0.12754
Edge_connectivity: 1
Betweeness: 0.0049724
Centrality: 0.3831578
Communicability: 8363.3856498
Density: 0.0073163
Diameter: 4.0
Eccentricity: 3.0
Pagerank: 0
Radius: 2.0
Square_clustering: 0.0054821
