Size: 1825
Order: 1008
Assortativity: -0.9017498
Transitivity: 0.00139
Degree: 0.0035959
Coreness: 1.0
Number_Triangles: 0.0
Number_Cliques: 1667
Clique_number: 3
Clustering: 0.1134314
Edge_connectivity: 1
Betweeness: 0.0012569
Centrality: 0.4453012
Communicability: 3.67245017888e+13
Density: 0.0035959
Diameter: 4.0
Eccentricity: 2.0
Pagerank: 0
Radius: 2.0
Square_clustering: 0.0750289
