Size: 823
Order: 641
Assortativity: -0.8645242
Transitivity: 0.00329
Degree: 0.0040123
Coreness: 1.0
Number_Triangles: 0.0
Number_Cliques: 706
Clique_number: 3
Clustering: 0.1601935
Edge_connectivity: 1
Betweeness: 0.0025065
Centrality: 0.3891492
Communicability: 2892791.54064
Density: 0.0040123
Diameter: 4.0
Eccentricity: 3.0
Pagerank: 0
Radius: 2.0
Square_clustering: 0.0019478
