Size: 1176
Order: 1176
Assortativity: -0.9983065
Transitivity: 0.0
Degree: 0.0017021
Coreness: 1.0
Number_Triangles: 0.0
Number_Cliques: 1174
Clique_number: 3
Clustering: 0.0017007
Edge_connectivity: 1
Betweeness: 0.0008503
Centrality: 0.5006382
Communicability: 655900853976.0
Density: 0.0017021
Diameter: 2.0
Eccentricity: 1.0
Pagerank: 0
Radius: 1.0
Square_clustering: 0.0
