Size: 526
Order: 347
Assortativity: -0.788197
Transitivity: 0.01029
Degree: 0.0087621
Coreness: 1.0
Number_Triangles: 1.0
Number_Cliques: 344
Clique_number: 4
Clustering: 0.4468219
Edge_connectivity: 1
Betweeness: 0.0033949
Centrality: 0.4647736
Communicability: 1995513.53981
Density: 0.0087621
Diameter: 3.0
Eccentricity: 2.0
Pagerank: 0
Radius: 2.0
Square_clustering: 0.0139257
