Size: 1154
Order: 1121
Assortativity: -0.8958191
Transitivity: 0.00017
Degree: 0.0018383
Coreness: 1.0
Number_Triangles: 0.0
Number_Cliques: 1119
Clique_number: 3
Clustering: 0.0303413
Edge_connectivity: 1
Betweeness: 0.0009501
Centrality: 0.4871286
Communicability: 178650032342.0
Density: 0.0018383
Diameter: 3.0
Eccentricity: 2.0
Pagerank: 0
Radius: 2.0
Square_clustering: 0.0018086
