Size: 26593
Order: 2214
Assortativity: -0.1921269
Transitivity: 0.07317
Degree: 0.0108552
Coreness: 12.0
Number_Triangles: 197.0
Number_Cliques: 65761
Clique_number: 16
Clustering: 0.4972066
Edge_connectivity: 1
Betweeness: 0.0004472
Centrality: 0.5029144
Communicability: 1.98836157935e+42
Density: 0.0108552
Diameter: 2.0
Eccentricity: 1.0
Pagerank: 0.0004517
Radius: 1.0
Square_clustering: 0.1083662
