Size: 4035
Order: 2097
Assortativity: -0.7188445
Transitivity: 0.00256
Degree: 0.001836
Coreness: 1.0
Number_Triangles: 0.0
Number_Cliques: 3692
Clique_number: 4
Clustering: 0.0929165
Edge_connectivity: 1
Betweeness: 0.0009885
Centrality: 0.3295836
Communicability: 247134827125.0
Density: 0.001836
Diameter: 4.0
Eccentricity: 3.0
Pagerank: 0
Radius: 2.0
Square_clustering: 0.0020568
