Size: 2925
Order: 1050
Assortativity: -0.8182892
Transitivity: 0.03425
Degree: 0.0053112
Coreness: 2.0
Number_Triangles: 11.0
Number_Cliques: 2116
Clique_number: 6
Clustering: 0.4394787
Edge_connectivity: 1
Betweeness: 0.0018103
Centrality: 0.3489833
Communicability: 4.91798437375e+13
Density: 0.0053112
Diameter: 4.0
Eccentricity: 3.0
Pagerank: 0.0009524
Radius: 2.0
Square_clustering: 0.0068703
