Size: 780
Order: 559
Assortativity: -0.8210867
Transitivity: 0.00699
Degree: 0.0050013
Coreness: 1.0
Number_Triangles: 1.0
Number_Cliques: 558
Clique_number: 4
Clustering: 0.2944442
Edge_connectivity: 1
Betweeness: 0.0023577
Centrality: 0.4361222
Communicability: 19988018.1219
Density: 0.0050013
Diameter: 4.0
Eccentricity: 3.0
Pagerank: 0
Radius: 2.0
Square_clustering: 0.003277
