Size: 121
Order: 110
Assortativity: -0.7679941
Transitivity: 0.01117
Degree: 0.0201835
Coreness: 1.0
Number_Triangles: 0.0
Number_Cliques: 107
Clique_number: 4
Clustering: 0.083539
Edge_connectivity: 1
Betweeness: 0.012461
Centrality: 0.4317735
Communicability: 99.6095418
Density: 0.0201835
Diameter: 3.0
Eccentricity: 2.0
Pagerank: 0
Radius: 2.0
Square_clustering: 0.003886
