Size: 343
Order: 337
Assortativity: -0.8947165
Transitivity: 0.00041
Degree: 0.0060584
Coreness: 1.0
Number_Triangles: 0.0
Number_Cliques: 335
Clique_number: 3
Clustering: 0.020854
Edge_connectivity: 1
Betweeness: 0.0032145
Centrality: 0.4849065
Communicability: 184672.931539
Density: 0.0060584
Diameter: 3.0
Eccentricity: 2.0
Pagerank: 0
Radius: 2.0
Square_clustering: 0.0059612
