Betweeness: 0.0009654
Centrality: 0.3468116
Communicability: 4.47060390136e+12
Density: 0.0024487
Diameter: 6.0
Eccentricity: 4.0
Pagerank: 0
Radius: 3.0
Square_clustering: 0.0012842
Size: 4895
Order: 2000
Assortativity: -0.328731
Transitivity: 0.01924
Degree: 0.0024487
Coreness: 2.0
Number_Triangles: 6.0
Number_Cliques: 3535
Clique_number: 8
Clustering: 0.2800587
Edge_connectivity: 1
