Betweeness: 0.0022936
Centrality: 0.303317
Communicability: 26013393.0181
Density: 0.0051592
Diameter: 7.0
Eccentricity: 5.0
Pagerank: 0.0009775
Radius: 4.0
Square_clustering: 0.0630251
Size: 2697
Order: 1023
Assortativity: -0.3935398
Transitivity: 0.05773
Degree: 0.0051592
Coreness: 2.0
Number_Triangles: 7.0
Number_Cliques: 1597
Clique_number: 9
Clustering: 0.3338328
Edge_connectivity: 1
