Betweeness: 0.001294
Centrality: 0.2689717
Communicability: 9391140.04882
Density: 0.0009482
Diameter: 8.0
Eccentricity: 6.0
Pagerank: 0
Radius: 4.0
Square_clustering: 0.0003534
Size: 2158
Order: 2134
Assortativity: -0.9135118
Transitivity: 0.0
Degree: 0.0009482
Coreness: 1.0
Number_Triangles: 0.0
Number_Cliques: 2158
Clique_number: 2
Clustering: 0.0
Edge_connectivity: 1
