Betweeness: 0.0012958
Centrality: 0.2859832
Communicability: 2.64857151832e+18
Density: 0.0080525
Diameter: 10.0
Eccentricity: 7.0
Pagerank: 0.0005
Radius: 6.0
Square_clustering: 0.141521
Size: 16097
Order: 2000
Assortativity: 0.0226719
Transitivity: 0.22944
Degree: 0.0080525
Coreness: 9.0
Number_Triangles: 78.0
Number_Cliques: 4869
Clique_number: 25
Clustering: 0.5389243
Edge_connectivity: 1
