Betweeness: 0.0067263
Centrality: 0.3285166
Communicability: 1732.2468981
Density: 0.0079064
Diameter: 5.0
Eccentricity: 4.0
Pagerank: 0
Radius: 3.0
Square_clustering: 0.0027436
Size: 396
Order: 317
Assortativity: -0.5014775
Transitivity: 0.01158
Degree: 0.0079064
Coreness: 1.0
Number_Triangles: 0.0
Number_Cliques: 337
Clique_number: 4
Clustering: 0.1249896
Edge_connectivity: 1
