Betweeness: 0.0172937
Centrality: 0.3543372
Communicability: 412.4196869
Density: 0.028357
Diameter: 4.0
Eccentricity: 3.0
Pagerank: 0
Radius: 3.0
Square_clustering: 0.03838
Size: 170
Order: 110
Assortativity: -0.7525579
Transitivity: 0.13498
Degree: 0.028357
Coreness: 1.0
Number_Triangles: 3.0
Number_Cliques: 112
Clique_number: 6
Clustering: 0.1486092
Edge_connectivity: 1
