Betweeness: 0.0020517
Centrality: 0.3315684
Communicability: 16298498.1333
Density: 0.002132
Diameter: 6.0
Eccentricity: 5.0
Pagerank: 0
Radius: 3.0
Square_clustering: 0.0018279
Size: 1095
Order: 1014
Assortativity: -0.8728138
Transitivity: 0.00114
Degree: 0.002132
Coreness: 1.0
Number_Triangles: 0.0
Number_Cliques: 1012
Clique_number: 3
Clustering: 0.0808698
Edge_connectivity: 1
