Betweeness: 0.0068675
Centrality: 0.3288696
Communicability: 67017.4199252
Density: 0.0132005
Diameter: 5.0
Eccentricity: 4.0
Pagerank: 0.003268
Radius: 3.0
Square_clustering: 0.096065
Size: 616
Order: 306
Assortativity: -0.6674026
Transitivity: 0.0839
Degree: 0.0132005
Coreness: 2.0
Number_Triangles: 5.0
Number_Cliques: 361
Clique_number: 8
Clustering: 0.3138348
Edge_connectivity: 1
