Betweeness: 0.001925
Centrality: 0.3600511
Communicability: 718798557.776
Density: 0.0020781
Diameter: 8.0
Eccentricity: 5.0
Pagerank: 0
Radius: 4.0
Square_clustering: 0.0031321
Size: 1038
Order: 1000
Assortativity: -0.6009574
Transitivity: 0.0
Degree: 0.0020781
Coreness: 1.0
Number_Triangles: 0.0
Number_Cliques: 1038
Clique_number: 2
Clustering: 0.0
Edge_connectivity: 1
