Betweeness: 0.0033664
Centrality: 0.3702237
Communicability: 961924.202848
Density: 0.0047832
Diameter: 5.0
Eccentricity: 4.0
Pagerank: 0
Radius: 3.0
Square_clustering: 0.0050632
Size: 668
Order: 529
Assortativity: -0.7078175
Transitivity: 0.0
Degree: 0.0047832
Coreness: 1.0
Number_Triangles: 0.0
Number_Cliques: 668
Clique_number: 2
Clustering: 0.0
Edge_connectivity: 1
