Betweeness: 0.0010553
Centrality: 0.3217676
Communicability: 153830965023.0
Density: 0.0010362
Diameter: 7.0
Eccentricity: 5.0
Pagerank: 0
Radius: 4.0
Square_clustering: 0.9465363
Size: 2204
Order: 2063
Assortativity: -0.5163196
Transitivity: 3e-05
Degree: 0.0010362
Coreness: 1.0
Number_Triangles: 0.0
Number_Cliques: 2191
Clique_number: 3
Clustering: 0.002191
Edge_connectivity: 1
