Betweeness: 0.0035321
Centrality: 0.3449322
Communicability: 87648.114316
Density: 0.0038046
Diameter: 4.0
Eccentricity: 3.0
Pagerank: 0
Radius: 2.0
Square_clustering: 0.003681
Size: 564
Order: 545
Assortativity: -0.9983837
Transitivity: 0.0
Degree: 0.0038046
Coreness: 1.0
Number_Triangles: 0.0
Number_Cliques: 564
Clique_number: 2
Clustering: 0.0
Edge_connectivity: 1
