Betweeness: 0.0032474
Centrality: 0.3856556
Communicability: 187810751.616
Density: 0.0102563
Diameter: 5.0
Eccentricity: 4.0
Pagerank: 0.0019646
Radius: 3.0
Square_clustering: 0.0192485
Size: 1326
Order: 509
Assortativity: -0.4524058
Transitivity: 0.04377
Degree: 0.0102563
Coreness: 2.0
Number_Triangles: 7.0
Number_Cliques: 771
Clique_number: 9
Clustering: 0.3944475
Edge_connectivity: 1
