Betweeness: 0.0022431
Centrality: 0.3128213
Communicability: 94196265.8279
Density: 0.0063828
Diameter: 6.0
Eccentricity: 5.0
Pagerank: 0.000998
Radius: 4.0
Square_clustering: 0.0379022
Size: 3201
Order: 1002
Assortativity: -0.4228173
Transitivity: 0.03645
Degree: 0.0063828
Coreness: 3.0
Number_Triangles: 5.0
Number_Cliques: 2662
Clique_number: 6
Clustering: 0.1492137
Edge_connectivity: 1
