Betweeness: 0.0002103
Centrality: 0.4998952
Communicability: 1.90187448503e+26
Density: 0.0004201
Diameter: 3.0
Eccentricity: 2.0
Pagerank: 0
Radius: 2.0
Square_clustering: 0.0
Size: 4762
Order: 4762
Assortativity: -0.9983244
Transitivity: 0.0
Degree: 0.0004201
Coreness: 1.0
Number_Triangles: 0.0
Number_Cliques: 4760
Clique_number: 3
Clustering: 0.000231
Edge_connectivity: 1
