Betweeness: 0.0004784
Centrality: 0.4984034
Communicability: 3.98898665177e+16
Density: 0.000947
Diameter: 5.0
Eccentricity: 4.0
Pagerank: 0
Radius: 3.0
Square_clustering: 0.0
Size: 2111
Order: 2112
Assortativity: -0.9943477
Transitivity: 0.0
Degree: 0.000947
Coreness: 1.0
Number_Triangles: 0.0
Number_Cliques: 2111
Clique_number: 2
Clustering: 0.0
Edge_connectivity: 1
