Betweeness: 0.0047745
Centrality: 0.3753295
Communicability: 3406.0293154
Density: 0.0056484
Diameter: 5.0
Eccentricity: 4.0
Pagerank: 0
Radius: 3.0
Square_clustering: 0.0030023
Size: 365
Order: 360
Assortativity: -0.8672647
Transitivity: 0.00052
Degree: 0.0056484
Coreness: 1.0
Number_Triangles: 0.0
Number_Cliques: 357
Clique_number: 3
Clustering: 0.0168653
Edge_connectivity: 1
