Betweeness: 0.0002739
Centrality: 0.498187
Communicability: 6.00433103952e+22
Density: 0.0005419
Diameter: 5.0
Eccentricity: 4.0
Pagerank: 0
Radius: 3.0
Square_clustering: 0.0
Size: 3690
Order: 3691
Assortativity: -0.9946165
Transitivity: 0.0
Degree: 0.0005419
Coreness: 1.0
Number_Triangles: 0.0
Number_Cliques: 3690
Clique_number: 2
Clustering: 0.0
Edge_connectivity: 1
