Betweeness: 0.0044896
Centrality: 0.3151245
Communicability: 3509.1232044
Density: 0.0040559
Diameter: 6.0
Eccentricity: 5.0
Pagerank: 0
Radius: 4.0
Square_clustering: 3.49e-05
Size: 508
Order: 501
Assortativity: -0.610859
Transitivity: 0.00038
Degree: 0.0040559
Coreness: 1.0
Number_Triangles: 0.0
Number_Cliques: 502
Clique_number: 3
Clustering: 0.0060044
Edge_connectivity: 1
