Betweeness: 0.0008819
Centrality: 0.3603396
Communicability: 1.52783258077e+12
Density: 0.001006
Diameter: 5.0
Eccentricity: 4.0
Pagerank: 0
Radius: 3.0
Square_clustering: 8.7e-05
Size: 2192
Order: 2088
Assortativity: -0.5324156
Transitivity: 0.00013
Degree: 0.001006
Coreness: 1.0
Number_Triangles: 0.0
Number_Cliques: 2150
Clique_number: 3
Clustering: 0.0175618
Edge_connectivity: 1
