Betweeness: 0.0010551
Centrality: 0.483021
Communicability: 39704368464.8
Density: 0.0019493
Diameter: 4.0
Eccentricity: 3.0
Pagerank: 0
Radius: 2.0
Square_clustering: 0.0009914
Size: 1031
Order: 1029
Assortativity: -0.9167652
Transitivity: 2e-05
Degree: 0.0019493
Coreness: 1.0
Number_Triangles: 0.0
Number_Cliques: 1027
Clique_number: 3
Clustering: 0.0029182
Edge_connectivity: 1
