Betweeness: 0.0040421
Centrality: 0.318263
Communicability: 4011.9841945
Density: 0.0055659
Diameter: 6.0
Eccentricity: 4.0
Pagerank: 0
Radius: 3.0
Square_clustering: 0.0051132
Size: 810
Order: 540
Assortativity: -0.6844267
Transitivity: 0.01567
Degree: 0.0055659
Coreness: 1.0
Number_Triangles: 1.0
Number_Cliques: 671
Clique_number: 4
Clustering: 0.1695765
Edge_connectivity: 1
