Betweeness: 0.0048994
Centrality: 0.3848942
Communicability: 3789.0649405
Density: 0.0061489
Diameter: 4.0
Eccentricity: 3.0
Pagerank: 0
Radius: 2.0
Square_clustering: 4.29e-05
Size: 344
Order: 335
Assortativity: -0.6480093
Transitivity: 0.0013
Degree: 0.0061489
Coreness: 1.0
Number_Triangles: 0.0
Number_Cliques: 333
Clique_number: 3
Clustering: 0.0268889
Edge_connectivity: 1
