Betweeness: 0.005367
Centrality: 0.3805075
Communicability: 5369.6208207
Density: 0.0065322
Diameter: 5.0
Eccentricity: 4.0
Pagerank: 0
Radius: 3.0
Square_clustering: 0.0637173
Size: 321
Order: 314
Assortativity: -0.6742102
Transitivity: 0.00056
Degree: 0.0065322
Coreness: 1.0
Number_Triangles: 0.0
Number_Cliques: 312
Clique_number: 3
Clustering: 0.0127468
Edge_connectivity: 1
