Betweeness: 0.001112
Centrality: 0.2935801
Communicability: 172352630.496
Density: 0.0012693
Diameter: 7.0
Eccentricity: 5.0
Pagerank: 0
Radius: 4.0
Square_clustering: 0.0016303
Size: 3073
Order: 2201
Assortativity: -0.4720197
Transitivity: 0.00369
Degree: 0.0012693
Coreness: 1.0
Number_Triangles: 0.0
Number_Cliques: 2721
Clique_number: 4
Clustering: 0.0896859
Edge_connectivity: 1
