Betweeness: 0.0014949
Centrality: 0.3455182
Communicability: 6293688.92481
Density: 0.0017357
Diameter: 6.0
Eccentricity: 5.0
Pagerank: 0
Radius: 4.0
Square_clustering: 0.0002953
Size: 1461
Order: 1298
Assortativity: -0.7609651
Transitivity: 0.00156
Degree: 0.0017357
Coreness: 1.0
Number_Triangles: 0.0
Number_Cliques: 1333
Clique_number: 4
Clustering: 0.0759176
Edge_connectivity: 1
