Betweeness: 0.001681
Centrality: 0.3625319
Communicability: 88276235.8676
Density: 0.0019368
Diameter: 5.0
Eccentricity: 4.0
Pagerank: 0
Radius: 3.0
Square_clustering: 0.2029915
Size: 1116
Order: 1074
Assortativity: -0.640748
Transitivity: 0.0003
Degree: 0.0019368
Coreness: 1.0
Number_Triangles: 0.0
Number_Cliques: 1088
Clique_number: 3
Clustering: 0.0176923
Edge_connectivity: 1
