Betweeness: 0.0060176
Centrality: 0.3094445
Communicability: 1034.8302387
Density: 0.0056278
Diameter: 5.0
Eccentricity: 4.0
Pagerank: 0
Radius: 3.0
Square_clustering: 0.0007443
Size: 401
Order: 378
Assortativity: -0.6675753
Transitivity: 0.00138
Degree: 0.0056278
Coreness: 1.0
Number_Triangles: 0.0
Number_Cliques: 388
Clique_number: 3
Clustering: 0.0215853
Edge_connectivity: 1
