Betweeness: 0.0048155
Centrality: 0.3629116
Communicability: 23302.347003
Density: 0.0054173
Diameter: 4.0
Eccentricity: 3.0
Pagerank: 0
Radius: 3.0
Square_clustering: 0.0238251
Size: 386
Order: 378
Assortativity: -0.6435739
Transitivity: 0.00028
Degree: 0.0054173
Coreness: 1.0
Number_Triangles: 0.0
Number_Cliques: 376
Clique_number: 3
Clustering: 0.0079599
Edge_connectivity: 1
