Betweeness: 0.0021309
Centrality: 0.3067858
Communicability: 479688.248321
Density: 0.0019883
Diameter: 5.0
Eccentricity: 4.0
Pagerank: 0
Radius: 3.0
Square_clustering: 0.3238105
Size: 1135
Order: 1069
Assortativity: -0.7212883
Transitivity: 0.00065
Degree: 0.0019883
Coreness: 1.0
Number_Triangles: 0.0
Number_Cliques: 1093
Clique_number: 3
Clustering: 0.025578
Edge_connectivity: 1
