Betweeness: 0.003821
Centrality: 0.3289103
Communicability: 3464.6454425
Density: 0.0041538
Diameter: 5.0
Eccentricity: 4.0
Pagerank: 0
Radius: 3.0
Square_clustering: 0.0009997
Size: 609
Order: 542
Assortativity: -0.7915559
Transitivity: 0.00353
Degree: 0.0041538
Coreness: 1.0
Number_Triangles: 0.0
Number_Cliques: 566
Clique_number: 3
Clustering: 0.0627827
Edge_connectivity: 1
