Betweeness: 0.0100763
Centrality: 0.4993635
Communicability: 364.6386769
Density: 0.0199886
Diameter: 3.0
Eccentricity: 2.0
Pagerank: 0
Radius: 2.0
Square_clustering: 0.077866
Size: 105
Order: 103
Assortativity: -0.9317678
Transitivity: 0.00061
Degree: 0.0199886
Coreness: 1.0
Number_Triangles: 0.0
Number_Cliques: 101
Clique_number: 3
Clustering: 0.0113288
Edge_connectivity: 1
