Betweeness: 0.0012713
Centrality: 0.2692145
Communicability: 582276.497183
Density: 0.0011212
Diameter: 6.0
Eccentricity: 5.0
Pagerank: 0
Radius: 4.0
Square_clustering: 0.2857669
Size: 2595
Order: 2152
Assortativity: -0.6779941
Transitivity: 0.00037
Degree: 0.0011212
Coreness: 1.0
Number_Triangles: 0.0
Number_Cliques: 2525
Clique_number: 3
Clustering: 0.0111393
Edge_connectivity: 1
