Betweeness: 0.0011897
Centrality: 0.3015916
Communicability: 28754786738.1
Density: 0.001073
Diameter: 6.0
Eccentricity: 5.0
Pagerank: 0
Radius: 4.0
Square_clustering: 0.4281472
Size: 2145
Order: 2000
Assortativity: -0.4743769
Transitivity: 9e-05
Degree: 0.001073
Coreness: 1.0
Number_Triangles: 0.0
Number_Cliques: 2101
Clique_number: 3
Clustering: 0.0076177
Edge_connectivity: 1
