Betweeness: 0.0134215
Centrality: 0.3898936
Communicability: 89.7368047
Density: 0.0173092
Diameter: 5.0
Eccentricity: 4.0
Pagerank: 0
Radius: 3.0
Square_clustering: 0.0094207
Size: 132
Order: 124
Assortativity: -0.7150348
Transitivity: 0.00683
Degree: 0.0173092
Coreness: 1.0
Number_Triangles: 0.0
Number_Cliques: 122
Clique_number: 3
Clustering: 0.0727016
Edge_connectivity: 1
