Betweeness: 0.004189
Centrality: 0.3165056
Communicability: 15025.2436895
Density: 0.0040558
Diameter: 5.0
Eccentricity: 4.0
Pagerank: 0
Radius: 3.0
Square_clustering: 0.0781321
Size: 560
Order: 526
Assortativity: -0.5840724
Transitivity: 0.00109
Degree: 0.0040558
Coreness: 1.0
Number_Triangles: 0.0
Number_Cliques: 534
Clique_number: 3
Clustering: 0.025569
Edge_connectivity: 1
