Betweeness: 0.0042332
Centrality: 0.3031761
Communicability: 5722.9577278
Density: 0.0038344
Diameter: 6.0
Eccentricity: 5.0
Pagerank: 0
Radius: 3.0
Square_clustering: 0.1068228
Size: 581
Order: 551
Assortativity: -0.6914002
Transitivity: 0.00056
Degree: 0.0038344
Coreness: 1.0
Number_Triangles: 0.0
Number_Cliques: 563
Clique_number: 3
Clustering: 0.0129863
Edge_connectivity: 1
