Size: 121
Order: 106
Assortativity: -0.828747
Transitivity: 0.00855
Degree: 0.021743
Coreness: 1.0
Number_Triangles: 0.0
Number_Cliques: 104
Clique_number: 3
Clustering: 0.1520809
Edge_connectivity: 1
Betweeness: 0.0094063
Centrality: 0.5078443
Communicability: 362.9527168
Density: 0.021743
Diameter: 2.0
Eccentricity: 1.0
Pagerank: 0
Radius: 1.0
Square_clustering: 0.1698113
