Size: 202
Order: 106
Assortativity: -0.7094621
Transitivity: 0.11115
Degree: 0.0362983
Coreness: 2.0
Number_Triangles: 3.0
Number_Cliques: 147
Clique_number: 5
Clustering: 0.2205956
Edge_connectivity: 1
Betweeness: 0.0176965
Centrality: 0.358212
Communicability: 297.2634655
Density: 0.0362983
Diameter: 4.0
Eccentricity: 3.0
Pagerank: 0.009434
Radius: 2.0
Square_clustering: 0.0277266
