Size: 187
Order: 107
Assortativity: -0.7743127
Transitivity: 0.07181
Degree: 0.0329748
Coreness: 1.0
Number_Triangles: 2.0
Number_Cliques: 128
Clique_number: 4
Clustering: 0.3091022
Edge_connectivity: 1
Betweeness: 0.014478
Centrality: 0.4045346
Communicability: 493.4785407
Density: 0.0329748
Diameter: 4.0
Eccentricity: 3.0
Pagerank: 0.0093458
Radius: 2.0
Square_clustering: 0.0225264
