Size: 185
Order: 112
Assortativity: -0.7081146
Transitivity: 0.03503
Degree: 0.0297619
Coreness: 1.0
Number_Triangles: 1.0
Number_Cliques: 144
Clique_number: 3
Clustering: 0.2949537
Edge_connectivity: 1
Betweeness: 0.0121607
Centrality: 0.4345012
Communicability: 461.4300381
Density: 0.0297619
Diameter: 4.0
Eccentricity: 3.0
Pagerank: 0.0089286
Radius: 2.0
Square_clustering: 0.0204726
