Size: 321
Order: 103
Assortativity: -0.6796159
Transitivity: 0.14078
Degree: 0.0611079
Coreness: 3.0
Number_Triangles: 9.0
Number_Cliques: 214
Clique_number: 5
Clustering: 0.4306993
Edge_connectivity: 1
Betweeness: 0.0128187
Centrality: 0.444384
Communicability: 24384.319985
Density: 0.0611079
Diameter: 4.0
Eccentricity: 3.0
Pagerank: 0.0097087
Radius: 2.0
Square_clustering: 0.0475617
