Size: 160
Order: 120
Assortativity: -0.8161047
Transitivity: 0.01597
Degree: 0.022409
Coreness: 1.0
Number_Triangles: 1.0
Number_Cliques: 118
Clique_number: 3
Clustering: 0.342063
Edge_connectivity: 1
Betweeness: 0.0085482
Centrality: 0.5008775
Communicability: 1317.1853544
Density: 0.022409
Diameter: 3.0
Eccentricity: 2.0
Pagerank: 0
Radius: 2.0
Square_clustering: 0.0688295
