Betweeness: 0.0020296
Centrality: 0.3305997
Communicability: 10872033.9067
Density: 0.0028849
Diameter: 5.0
Eccentricity: 4.0
Pagerank: 0
Radius: 3.0
Square_clustering: 0.0028603
Size: 1514
Order: 1025
Assortativity: -0.4927783
Transitivity: 0.00663
Degree: 0.0028849
Coreness: 1.0
Number_Triangles: 1.0
Number_Cliques: 1267
Clique_number: 4
Clustering: 0.1456947
Edge_connectivity: 1
