Betweeness: 0.0026535
Centrality: 0.4239103
Communicability: 981251.2906
Density: 0.0043058
Diameter: 3.0
Eccentricity: 2.0
Pagerank: 0
Radius: 2.0
Square_clustering: 0.0004694
Size: 590
Order: 524
Assortativity: -0.6952493
Transitivity: 0.00256
Degree: 0.0043058
Coreness: 1.0
Number_Triangles: 0.0
Number_Cliques: 521
Clique_number: 4
Clustering: 0.1164421
Edge_connectivity: 1
