Betweeness: 0.0010102
Centrality: 0.3326953
Communicability: 4.84831765641e+12
Density: 0.0025731
Diameter: 5.0
Eccentricity: 4.0
Pagerank: 0
Radius: 3.0
Square_clustering: 0.001343
Size: 5320
Order: 2034
Assortativity: -0.4674814
Transitivity: 0.01195
Degree: 0.0025731
Coreness: 2.0
Number_Triangles: 4.0
Number_Cliques: 4132
Clique_number: 5
Clustering: 0.260664
Edge_connectivity: 1
