Betweeness: 0.0047544
Centrality: 0.3882271
Communicability: 8738.6046486
Density: 0.0071589
Diameter: 4.0
Eccentricity: 3.0
Pagerank: 0
Radius: 2.0
Square_clustering: 0.0059529
Size: 415
Order: 341
Assortativity: -0.6634277
Transitivity: 0.0062
Degree: 0.0071589
Coreness: 1.0
Number_Triangles: 0.0
Number_Cliques: 371
Clique_number: 4
Clustering: 0.0948717
Edge_connectivity: 1
