Size: 1031
Order: 518
Assortativity: -0.3826047
Transitivity: 0.1104
Degree: 0.0076996
Coreness: 2.0
Number_Triangles: 9.0
Number_Cliques: 504
Clique_number: 13
Clustering: 0.2979112
Edge_connectivity: 1
Betweeness: 0.0066423
Centrality: 0.232151
Communicability: 671902.213652
Density: 0.0076996
Diameter: 9.0
Eccentricity: 7.0
Pagerank: 0
Radius: 5.0
Square_clustering: 0.0772743
