Size: 3548
Order: 1004
Assortativity: -0.5073099
Transitivity: 0.07532
Degree: 0.0070466
Coreness: 3.0
Number_Triangles: 31.0
Number_Cliques: 1093
Clique_number: 21
Clustering: 0.4629372
Edge_connectivity: 1
Betweeness: 0.0022961
Centrality: 0.318834
Communicability: 3.88649703456e+15
Density: 0.0070466
Diameter: 10.0
Eccentricity: 7.0
Pagerank: 0
Radius: 5.0
Square_clustering: 0.0866642
