Size: 151
Order: 106
Assortativity: -0.4180366
Transitivity: 0.14962
Degree: 0.0271339
Coreness: 1.0
Number_Triangles: 1.0
Number_Cliques: 94
Clique_number: 5
Clustering: 0.2609452
Edge_connectivity: 1
Betweeness: 0.0433807
Centrality: 0.1881212
Communicability: 18.9452506
Density: 0.0271339
Diameter: 13.0
Eccentricity: 10.0
Pagerank: 0.009434
Radius: 7.0
Square_clustering: 0.0783511
