Size: 1580
Order: 1018
Assortativity: -0.4781772
Transitivity: 0.13341
Degree: 0.0030522
Coreness: 1.0
Number_Triangles: 2.0
Number_Cliques: 977
Clique_number: 8
Clustering: 0.2601939
Edge_connectivity: 1
Betweeness: 0.0052457
Centrality: 0.1602948
Communicability: 34.1559208
Density: 0.0030522
Diameter: 14.0
Eccentricity: 10.0
Pagerank: 0.0009823
Radius: 8.0
Square_clustering: 0.0669073
