Size: 446
Order: 327
Assortativity: -0.595274
Transitivity: 0.042
Degree: 0.0083676
Coreness: 1.0
Number_Triangles: 1.0
Number_Cliques: 341
Clique_number: 5
Clustering: 0.1564125
Edge_connectivity: 1
Betweeness: 0.010295
Centrality: 0.2355084
Communicability: 79.6470767
Density: 0.0083676
Diameter: 11.0
Eccentricity: 8.0
Pagerank: 0.0030581
Radius: 6.0
Square_clustering: 0.0071167
