Size: 637
Order: 370
Assortativity: -0.8948984
Transitivity: 0.00924
Degree: 0.0093313
Coreness: 1.0
Number_Triangles: 2.0
Number_Cliques: 367
Clique_number: 4
Clustering: 0.6866476
Edge_connectivity: 1
Betweeness: 0.0029695
Centrality: 0.4810809
Communicability: 65212376.2471
Density: 0.0093313
Diameter: 3.0
Eccentricity: 2.0
Pagerank: 0
Radius: 2.0
Square_clustering: 0.0630816
