Size: 756
Order: 546
Assortativity: -0.4237717
Transitivity: 0.11487
Degree: 0.0050812
Coreness: 1.0
Number_Triangles: 1.0
Number_Cliques: 526
Clique_number: 8
Clustering: 0.1715109
Edge_connectivity: 1
Betweeness: 0.0103279
Centrality: 0.1553885
Communicability: 22.618618
Density: 0.0050812
Diameter: 17.0
Eccentricity: 12.0
Pagerank: 0.0018315
Radius: 9.0
Square_clustering: 0.0517386
