Size: 200
Order: 122
Assortativity: -0.7241849
Transitivity: 0.10646
Degree: 0.0270966
Coreness: 1.0
Number_Triangles: 4.0
Number_Cliques: 116
Clique_number: 6
Clustering: 0.1889871
Edge_connectivity: 1
Betweeness: 0.0117328
Centrality: 0.4221014
Communicability: 2487.7734091
Density: 0.0270966
Diameter: 4.0
Eccentricity: 3.0
Pagerank: 0
Radius: 2.0
Square_clustering: 0.0308175
