Size: 17949
Order: 2012
Assortativity: -0.4461408
Transitivity: 0.28194
Degree: 0.0088722
Coreness: 9.0
Number_Triangles: 371.0
Number_Cliques: 2895
Clique_number: 47
Clustering: 0.4572905
Edge_connectivity: 1
Betweeness: 0.0012826
Centrality: 0.2911758
Communicability: 4.19546033332e+49
Density: 0.0088722
Diameter: 8.0
Eccentricity: 6.0
Pagerank: 0.000497
Radius: 5.0
Square_clustering: 0.041465
