Size: 2377
Order: 2000
Assortativity: -0.3564643
Transitivity: 0.00027
Degree: 0.0011891
Coreness: 1.0
Number_Triangles: 0.0
Number_Cliques: 2373
Clique_number: 3
Clustering: 0.0001767
Edge_connectivity: 1
Betweeness: 0.0037554
Centrality: 0.1195198
Communicability: 11.1337858
Density: 0.0011891
Diameter: 18.0
Eccentricity: 13.0
Pagerank: 0.0005
Radius: 10.0
Square_clustering: 0.0345744
