Size: 331
Order: 310
Assortativity: -0.5324667
Transitivity: 0.0
Degree: 0.006911
Coreness: 1.0
Number_Triangles: 0.0
Number_Cliques: 331
Clique_number: 2
Clustering: 0.0
Edge_connectivity: 1
Betweeness: 0.0359032
Centrality: 0.0851786
Communicability: 5.900569
Density: 0.006911
Diameter: 28.0
Eccentricity: 22.0
Pagerank: 0.0032258
Radius: 14.0
Square_clustering: 0.0167621
