Size: 1187
Order: 1048
Assortativity: -0.5627043
Transitivity: 5e-05
Degree: 0.0021636
Coreness: 1.0
Number_Triangles: 0.0
Number_Cliques: 1184
Clique_number: 3
Clustering: 0.0006369
Edge_connectivity: 1
Betweeness: 0.0027632
Centrality: 0.2607835
Communicability: 111836.986034
Density: 0.0021636
Diameter: 10.0
Eccentricity: 7.0
Pagerank: 0
Radius: 5.0
Square_clustering: 0.0043646
