Size: 140
Order: 120
Assortativity: -0.3648644
Transitivity: 0.0
Degree: 0.0196078
Coreness: 1.0
Number_Triangles: 0.0
Number_Cliques: 140
Clique_number: 2
Clustering: 0.0
Edge_connectivity: 1
Betweeness: 0.0466185
Centrality: 0.1591717
Communicability: 11.4676739
Density: 0.0196078
Diameter: 14.0
Eccentricity: 12.0
Pagerank: 0.0083333
Radius: 7.0
Square_clustering: 0.1342549
