Size: 568
Order: 505
Assortativity: -0.5121772
Transitivity: 0.0
Degree: 0.0044633
Coreness: 1.0
Number_Triangles: 0.0
Number_Cliques: 568
Clique_number: 2
Clustering: 0.0
Edge_connectivity: 1
Betweeness: 0.0164555
Centrality: 0.111455
Communicability: 11.5727258
Density: 0.0044633
Diameter: 22.0
Eccentricity: 17.0
Pagerank: 0.0019802
Radius: 14.0
Square_clustering: 0.0256376
