Size: 631
Order: 554
Assortativity: -0.5661485
Transitivity: 0.00319
Degree: 0.0041193
Coreness: 1.0
Number_Triangles: 0.0
Number_Cliques: 593
Clique_number: 3
Clustering: 0.0461744
Edge_connectivity: 1
Betweeness: 0.0049551
Centrality: 0.2711908
Communicability: 1289.5202912
Density: 0.0041193
Diameter: 7.0
Eccentricity: 5.0
Pagerank: 0
Radius: 4.0
Square_clustering: 0.0014122
