Size: 2391
Order: 2118
Assortativity: -0.4275394
Transitivity: 0.0
Degree: 0.0010665
Coreness: 1.0
Number_Triangles: 0.0
Number_Cliques: 2391
Clique_number: 2
Clustering: 0.0
Edge_connectivity: 1
Betweeness: 0.0041721
Centrality: 0.1109556
Communicability: 8917.1166191
Density: 0.0010665
Diameter: 37.0
Eccentricity: 25.0
Pagerank: 0
Radius: 19.0
Square_clustering: 0.0137038
