Size: 1343
Order: 1006
Assortativity: -0.2307305
Transitivity: 0.01436
Degree: 0.0026567
Coreness: 1.0
Number_Triangles: 0.0
Number_Cliques: 1108
Clique_number: 5
Clustering: 0.1107222
Edge_connectivity: 1
Betweeness: 0.0039321
Centrality: 0.208881
Communicability: 25057.6825721
Density: 0.0026567
Diameter: 12.0
Eccentricity: 8.0
Pagerank: 0.000994
Radius: 7.0
Square_clustering: 0.0157649
