Size: 167
Order: 125
Assortativity: -0.7377853
Transitivity: 0.06231
Degree: 0.0215484
Coreness: 1.0
Number_Triangles: 1.0
Number_Cliques: 126
Clique_number: 5
Clustering: 0.1691636
Edge_connectivity: 1
Betweeness: 0.0217666
Centrality: 0.2771907
Communicability: 25.9592736
Density: 0.0215484
Diameter: 7.0
Eccentricity: 5.0
Pagerank: 0.008
Radius: 4.0
Square_clustering: 0.0498426
