Size: 1336
Order: 1012
Assortativity: -0.3713713
Transitivity: 0.01553
Degree: 0.0026116
Coreness: 1.0
Number_Triangles: 0.0
Number_Cliques: 1139
Clique_number: 4
Clustering: 0.1113298
Edge_connectivity: 1
Betweeness: 0.0035507
Centrality: 0.2210202
Communicability: 836.7474151
Density: 0.0026116
Diameter: 9.0
Eccentricity: 6.0
Pagerank: 0
Radius: 5.0
Square_clustering: 0.004757
