Size: 381
Order: 358
Assortativity: -0.6680591
Transitivity: 0.00206
Degree: 0.0059622
Coreness: 1.0
Number_Triangles: 0.0
Number_Cliques: 359
Clique_number: 3
Clustering: 0.0522253
Edge_connectivity: 1
Betweeness: 0.0047101
Centrality: 0.3821869
Communicability: 10535.0475386
Density: 0.0059622
Diameter: 6.0
Eccentricity: 5.0
Pagerank: 0
Radius: 3.0
Square_clustering: 0.0033507
