Size: 3275
Order: 2000
Assortativity: -0.3150263
Transitivity: 0.02546
Degree: 0.0016383
Coreness: 1.0
Number_Triangles: 2.0
Number_Cliques: 2390
Clique_number: 6
Clustering: 0.2089638
Edge_connectivity: 1
Betweeness: 0.0021803
Centrality: 0.1945998
Communicability: 536326.015778
Density: 0.0016383
Diameter: 14.0
Eccentricity: 11.0
Pagerank: 0.0005
Radius: 9.0
Square_clustering: 0.0117502
