Size: 553
Order: 500
Assortativity: -0.5795848
Transitivity: 0.00032
Degree: 0.0044329
Coreness: 1.0
Number_Triangles: 0.0
Number_Cliques: 548
Clique_number: 3
Clustering: 0.0060527
Edge_connectivity: 1
Betweeness: 0.0068515
Centrality: 0.2330122
Communicability: 1350.4245963
Density: 0.0044329
Diameter: 13.0
Eccentricity: 9.0
Pagerank: 0
Radius: 7.0
Square_clustering: 0.013772
