Size: 511
Order: 506
Assortativity: -0.7764514
Transitivity: 0.0
Degree: 0.0039995
Coreness: 1.0
Number_Triangles: 0.0
Number_Cliques: 511
Clique_number: 2
Clustering: 0.0
Edge_connectivity: 1
Betweeness: 0.0043506
Centrality: 0.3151176
Communicability: 6364.4703311
Density: 0.0039995
Diameter: 6.0
Eccentricity: 5.0
Pagerank: 0
Radius: 3.0
Square_clustering: 0.0002078
