Size: 111
Order: 102
Assortativity: -0.7701332
Transitivity: 0.01458
Degree: 0.0215492
Coreness: 1.0
Number_Triangles: 0.0
Number_Cliques: 101
Clique_number: 3
Clustering: 0.0498965
Edge_connectivity: 1
Betweeness: 0.0228014
Centrality: 0.3097986
Communicability: 13.3269291
Density: 0.0215492
Diameter: 5.0
Eccentricity: 4.0
Pagerank: 0.0098039
Radius: 3.0
Square_clustering: 0.007127
