Size: 2972
Order: 2480
Assortativity: -0.5909897
Transitivity: 0.00022
Degree: 0.0009668
Coreness: 1.0
Number_Triangles: 0.0
Number_Cliques: 2909
Clique_number: 3
Clustering: 0.0110327
Edge_connectivity: 1
Betweeness: 0.0009666
Centrality: 0.2972648
Communicability: 6361440847.74
Density: 0.0009668
Diameter: 6.0
Eccentricity: 4.0
Pagerank: 0
Radius: 4.0
Square_clustering: 0.0002684
