Size: 577
Order: 501
Assortativity: -0.3534216
Transitivity: 0.00738
Degree: 0.0046068
Coreness: 1.0
Number_Triangles: 0.0
Number_Cliques: 502
Clique_number: 4
Clustering: 0.0829949
Edge_connectivity: 1
Betweeness: 0.0084163
Centrality: 0.1980737
Communicability: 8835.410914
Density: 0.0046068
Diameter: 12.0
Eccentricity: 9.0
Pagerank: 0
Radius: 6.0
Square_clustering: 0.0056525
