Size: 307
Order: 300
Assortativity: -0.43501
Transitivity: 0.0
Degree: 0.006845
Coreness: 1.0
Number_Triangles: 0.0
Number_Cliques: 307
Clique_number: 2
Clustering: 0.0
Edge_connectivity: 1
Betweeness: 0.0197472
Centrality: 0.1536612
Communicability: 394.1093934
Density: 0.006845
Diameter: 20.0
Eccentricity: 15.0
Pagerank: 0
Radius: 10.0
Square_clustering: 0.0084217
