Size: 130
Order: 125
Assortativity: -0.7532022
Transitivity: 0.0
Degree: 0.0167742
Coreness: 1.0
Number_Triangles: 0.0
Number_Cliques: 130
Clique_number: 2
Clustering: 0.0
Edge_connectivity: 1
Betweeness: 0.015593
Centrality: 0.3479544
Communicability: 51.2958562
Density: 0.0167742
Diameter: 5.0
Eccentricity: 4.0
Pagerank: 0
Radius: 3.0
Square_clustering: 0.0034173
