Size: 3186
Order: 2018
Assortativity: -0.2484635
Transitivity: 0.00488
Degree: 0.0015655
Coreness: 1.0
Number_Triangles: 0.0
Number_Cliques: 2769
Clique_number: 4
Clustering: 0.0926582
Edge_connectivity: 1
Betweeness: 0.0012957
Centrality: 0.2831416
Communicability: 712268550.143
Density: 0.0015655
Diameter: 7.0
Eccentricity: 5.0
Pagerank: 0
Radius: 4.0
Square_clustering: 0.001952
