Size: 379
Order: 379
Assortativity: -0.9896387
Transitivity: 4e-05
Degree: 0.005291
Coreness: 1.0
Number_Triangles: 0.0
Number_Cliques: 377
Clique_number: 3
Clustering: 0.0035181
Edge_connectivity: 1
Betweeness: 0.0026524
Centrality: 0.5008844
Communicability: 716279.000894
Density: 0.005291
Diameter: 3.0
Eccentricity: 2.0
Pagerank: 0
Radius: 2.0
Square_clustering: 0.0
