Size: 1187
Order: 1007
Assortativity: -0.3420011
Transitivity: 0.0
Degree: 0.0023434
Coreness: 1.0
Number_Triangles: 0.0
Number_Cliques: 1187
Clique_number: 2
Clustering: 0.0
Edge_connectivity: 1
Betweeness: 0.0082177
Centrality: 0.1091053
Communicability: 14.1198525
Density: 0.0023434
Diameter: 19.0
Eccentricity: 16.0
Pagerank: 0.000993
Radius: 13.0
Square_clustering: 0.0410252
