Size: 6420
Order: 2000
Assortativity: -0.1514348
Transitivity: 0.10003
Degree: 0.0032116
Coreness: 3.0
Number_Triangles: 5.0
Number_Cliques: 4543
Clique_number: 9
Clustering: 0.1358328
Edge_connectivity: 1
Betweeness: 0.0015814
Centrality: 0.2440315
Communicability: 148458.58427
Density: 0.0032116
Diameter: 9.0
Eccentricity: 6.0
Pagerank: 0.0005
Radius: 5.0
Square_clustering: 0.0421788
