Size: 115
Order: 109
Assortativity: -0.7069174
Transitivity: 0.00232
Degree: 0.0195379
Coreness: 1.0
Number_Triangles: 0.0
Number_Cliques: 111
Clique_number: 3
Clustering: 0.0122769
Edge_connectivity: 1
Betweeness: 0.0161209
Centrality: 0.3743061
Communicability: 50.0537028
Density: 0.0195379
Diameter: 4.0
Eccentricity: 3.0
Pagerank: 0
Radius: 3.0
Square_clustering: 0.1108939
