Size: 6438
Order: 2000
Assortativity: -0.1567752
Transitivity: 0.10254
Degree: 0.0032206
Coreness: 3.0
Number_Triangles: 5.0
Number_Cliques: 4520
Clique_number: 9
Clustering: 0.1376081
Edge_connectivity: 1
Betweeness: 0.0015752
Centrality: 0.244623
Communicability: 149291.583049
Density: 0.0032206
Diameter: 8.0
Eccentricity: 6.0
Pagerank: 0.0005
Radius: 5.0
Square_clustering: 0.0303657
