Size: 1990
Order: 1016
Assortativity: -0.4738708
Transitivity: 0.04074
Degree: 0.0038594
Coreness: 2.0
Number_Triangles: 1.0
Number_Cliques: 1582
Clique_number: 5
Clustering: 0.1107073
Edge_connectivity: 1
Betweeness: 0.003097
Centrality: 0.2441954
Communicability: 196.9867263
Density: 0.0038594
Diameter: 8.0
Eccentricity: 6.0
Pagerank: 0.0009843
Radius: 5.0
Square_clustering: 0.0266438
