Size: 781
Order: 502
Assortativity: -0.5571439
Transitivity: 0.07958
Degree: 0.0062107
Coreness: 1.0
Number_Triangles: 1.0
Number_Cliques: 587
Clique_number: 6
Clustering: 0.1476857
Edge_connectivity: 1
Betweeness: 0.0073634
Centrality: 0.2160682
Communicability: 132.5320202
Density: 0.0062107
Diameter: 9.0
Eccentricity: 7.0
Pagerank: 0.001992
Radius: 5.0
Square_clustering: 0.4134765
