Size: 371
Order: 300
Assortativity: -0.4548943
Transitivity: 0.01437
Degree: 0.008272
Coreness: 1.0
Number_Triangles: 0.0
Number_Cliques: 337
Clique_number: 4
Clustering: 0.0465394
Edge_connectivity: 1
Betweeness: 0.0112645
Centrality: 0.2335825
Communicability: 42.0978436
Density: 0.008272
Diameter: 8.0
Eccentricity: 6.0
Pagerank: 0.0033333
Radius: 5.0
Square_clustering: 0.6480267
