Size: 1876
Order: 1002
Assortativity: -0.4729172
Transitivity: 0.03968
Degree: 0.0037408
Coreness: 1.0
Number_Triangles: 1.0
Number_Cliques: 1536
Clique_number: 5
Clustering: 0.0966533
Edge_connectivity: 1
Betweeness: 0.0031542
Centrality: 0.243632
Communicability: 160.1801839
Density: 0.0037408
Diameter: 9.0
Eccentricity: 6.0
Pagerank: 0.000998
Radius: 5.0
Square_clustering: 0.0238948
