Size: 785
Order: 506
Assortativity: -0.5417857
Transitivity: 0.03778
Degree: 0.0061441
Coreness: 1.0
Number_Triangles: 0.0
Number_Cliques: 640
Clique_number: 5
Clustering: 0.0916458
Edge_connectivity: 1
Betweeness: 0.0059931
Centrality: 0.2516152
Communicability: 97.074177
Density: 0.0061441
Diameter: 7.0
Eccentricity: 5.0
Pagerank: 0.0019763
Radius: 5.0
Square_clustering: 0.6408366
