Size: 6392
Order: 2000
Assortativity: -0.1533367
Transitivity: 0.10174
Degree: 0.0031976
Coreness: 3.0
Number_Triangles: 5.0
Number_Cliques: 4523
Clique_number: 9
Clustering: 0.1317173
Edge_connectivity: 1
Betweeness: 0.0015917
Centrality: 0.2429307
Communicability: 149517.793506
Density: 0.0031976
Diameter: 9.0
Eccentricity: 6.0
Pagerank: 0.0005
Radius: 5.0
Square_clustering: 0.0366633
