Size: 418
Order: 300
Assortativity: -0.5488105
Transitivity: 0.03832
Degree: 0.00932
Coreness: 1.0
Number_Triangles: 0.0
Number_Cliques: 344
Clique_number: 5
Clustering: 0.1015213
Edge_connectivity: 1
Betweeness: 0.0098373
Centrality: 0.2574853
Communicability: 132.0721482
Density: 0.00932
Diameter: 8.0
Eccentricity: 6.0
Pagerank: 0.0033333
Radius: 5.0
Square_clustering: 0.0163881
