Size: 153
Order: 103
Assortativity: -0.4940122
Transitivity: 0.12303
Degree: 0.0291262
Coreness: 1.0
Number_Triangles: 1.0
Number_Cliques: 109
Clique_number: 5
Clustering: 0.1572157
Edge_connectivity: 1
Betweeness: 0.0271773
Centrality: 0.2731414
Communicability: 40.4767926
Density: 0.0291262
Diameter: 7.0
Eccentricity: 6.0
Pagerank: 0.0097087
Radius: 5.0
Square_clustering: 0.045561
