Size: 612
Order: 535
Assortativity: -0.3846533
Transitivity: 0.0024
Degree: 0.0042844
Coreness: 1.0
Number_Triangles: 0.0
Number_Cliques: 597
Clique_number: 3
Clustering: 0.0105241
Edge_connectivity: 1
Betweeness: 0.0098231
Centrality: 0.1645464
Communicability: 101.1988584
Density: 0.0042844
Diameter: 13.0
Eccentricity: 10.0
Pagerank: 0.0018692
Radius: 7.0
Square_clustering: 0.0020762
