Size: 109
Order: 108
Assortativity: -0.8342475
Transitivity: 0.0
Degree: 0.0188647
Coreness: 1.0
Number_Triangles: 0.0
Number_Cliques: 109
Clique_number: 2
Clustering: 0.0
Edge_connectivity: 1
Betweeness: 0.0361341
Centrality: 0.2119274
Communicability: 3.7082884
Density: 0.0188647
Diameter: 11.0
Eccentricity: 8.0
Pagerank: 0.0092593
Radius: 6.0
Square_clustering: 0.0
