Size: 326
Order: 321
Assortativity: -0.5821372
Transitivity: 0.00192
Degree: 0.0063474
Coreness: 1.0
Number_Triangles: 0.0
Number_Cliques: 323
Clique_number: 3
Clustering: 0.0032142
Edge_connectivity: 1
Betweeness: 0.019892
Centrality: 0.1395232
Communicability: 6.5256954
Density: 0.0063474
Diameter: 17.0
Eccentricity: 13.0
Pagerank: 0.0031153
Radius: 9.0
Square_clustering: 0.000222
