Size: 1050
Order: 1009
Assortativity: -0.4753665
Transitivity: 0.00104
Degree: 0.0020648
Coreness: 1.0
Number_Triangles: 0.0
Number_Cliques: 1043
Clique_number: 3
Clustering: 0.0043711
Edge_connectivity: 1
Betweeness: 0.0071957
Centrality: 0.1233706
Communicability: 9.9361895
Density: 0.0020648
Diameter: 18.0
Eccentricity: 14.0
Pagerank: 0.0009911
Radius: 10.0
Square_clustering: 0.0007699
