Size: 517
Order: 513
Assortativity: -0.6268953
Transitivity: 0.00146
Degree: 0.0039367
Coreness: 1.0
Number_Triangles: 0.0
Number_Cliques: 513
Clique_number: 3
Clustering: 0.0027478
Edge_connectivity: 1
Betweeness: 0.0169051
Centrality: 0.1060119
Communicability: 5.0466825
Density: 0.0039367
Diameter: 22.0
Eccentricity: 17.0
Pagerank: 0.0019493
Radius: 12.0
Square_clustering: 0.0
