Size: 2972
Order: 2000
Assortativity: -0.3616641
Transitivity: 0.0044
Degree: 0.0014867
Coreness: 1.0
Number_Triangles: 0.0
Number_Cliques: 2873
Clique_number: 3
Clustering: 0.0102039
Edge_connectivity: 1
Betweeness: 0.0022253
Centrality: 0.1871806
Communicability: 3532.9994893
Density: 0.0014867
Diameter: 11.0
Eccentricity: 8.0
Pagerank: 0.0005
Radius: 6.0
Square_clustering: 0.001536
