Size: 543
Order: 522
Assortativity: -0.363008
Transitivity: 0.00096
Degree: 0.0039932
Coreness: 1.0
Number_Triangles: 0.0
Number_Cliques: 539
Clique_number: 3
Clustering: 0.004275
Edge_connectivity: 1
Betweeness: 0.0100487
Centrality: 0.1634829
Communicability: 14.485954
Density: 0.0039932
Diameter: 12.0
Eccentricity: 9.0
Pagerank: 0.0019157
Radius: 7.0
Square_clustering: 0.0001684
