Size: 516
Order: 507
Assortativity: -0.7505211
Transitivity: 0.00167
Degree: 0.0040227
Coreness: 1.0
Number_Triangles: 0.0
Number_Cliques: 512
Clique_number: 3
Clustering: 0.0046948
Edge_connectivity: 1
Betweeness: 0.0166441
Centrality: 0.1106928
Communicability: 4.3517133
Density: 0.0040227
Diameter: 25.0
Eccentricity: 19.0
Pagerank: 0.0019724
Radius: 13.0
Square_clustering: 0.0
