Size: 528
Order: 504
Assortativity: -0.300702
Transitivity: 0.00196
Degree: 0.0041655
Coreness: 1.0
Number_Triangles: 0.0
Number_Cliques: 522
Clique_number: 3
Clustering: 0.006732
Edge_connectivity: 1
Betweeness: 0.010492
Centrality: 0.164235
Communicability: 19.6607893
Density: 0.0041655
Diameter: 12.0
Eccentricity: 9.0
Pagerank: 0.0019841
Radius: 6.0
Square_clustering: 0.0003303
