Size: 320
Order: 309
Assortativity: -0.6306566
Transitivity: 0.00543
Degree: 0.0067247
Coreness: 1.0
Number_Triangles: 0.0
Number_Cliques: 313
Clique_number: 3
Clustering: 0.0143469
Edge_connectivity: 1
Betweeness: 0.0187135
Centrality: 0.1531137
Communicability: 5.8734364
Density: 0.0067247
Diameter: 16.0
Eccentricity: 12.0
Pagerank: 0.0032362
Radius: 8.0
Square_clustering: 0.0103332
