Size: 325
Order: 315
Assortativity: -0.5154879
Transitivity: 0.00074
Degree: 0.0065716
Coreness: 1.0
Number_Triangles: 0.0
Number_Cliques: 323
Clique_number: 3
Clustering: 0.0032672
Edge_connectivity: 1
Betweeness: 0.018578
Centrality: 0.1505116
Communicability: 11.0902495
Density: 0.0065716
Diameter: 15.0
Eccentricity: 12.0
Pagerank: 0
Radius: 8.0
Square_clustering: 0.0032601
