Size: 1172
Order: 1003
Assortativity: -0.3377856
Transitivity: 0.00833
Degree: 0.0023323
Coreness: 1.0
Number_Triangles: 0.0
Number_Cliques: 1108
Clique_number: 3
Clustering: 0.0425814
Edge_connectivity: 1
Betweeness: 0.0045499
Centrality: 0.1839964
Communicability: 204.5638038
Density: 0.0023323
Diameter: 11.0
Eccentricity: 9.0
Pagerank: 0.000997
Radius: 7.0
Square_clustering: 0.0004407
