Size: 2714
Order: 2002
Assortativity: -0.3445464
Transitivity: 0.0038
Degree: 0.001355
Coreness: 1.0
Number_Triangles: 0.0
Number_Cliques: 2647
Clique_number: 4
Clustering: 0.0115452
Edge_connectivity: 1
Betweeness: 0.0022634
Centrality: 0.1836586
Communicability: 251.3520287
Density: 0.001355
Diameter: 11.0
Eccentricity: 8.0
Pagerank: 0.0004995
Radius: 6.0
Square_clustering: 0.0011077
