Size: 302
Order: 301
Assortativity: -0.7533812
Transitivity: 0.0
Degree: 0.0066888
Coreness: 1.0
Number_Triangles: 0.0
Number_Cliques: 302
Clique_number: 2
Clustering: 0.0
Edge_connectivity: 1
Betweeness: 0.0241117
Centrality: 0.1254319
Communicability: 3.9696834
Density: 0.0066888
Diameter: 19.0
Eccentricity: 14.0
Pagerank: 0.0033223
Radius: 10.0
Square_clustering: 0.0
