Size: 2703
Order: 2002
Assortativity: -0.3391713
Transitivity: 0.01006
Degree: 0.0013495
Coreness: 1.0
Number_Triangles: 0.0
Number_Cliques: 2612
Clique_number: 3
Clustering: 0.0158436
Edge_connectivity: 1
Betweeness: 0.0023081
Centrality: 0.1805958
Communicability: 284.3989191
Density: 0.0013495
Diameter: 11.0
Eccentricity: 8.0
Pagerank: 0.0004995
Radius: 6.0
Square_clustering: 0.0033771
