Size: 4044
Order: 2003
Assortativity: -0.3570161
Transitivity: 0.01379
Degree: 0.002017
Coreness: 2.0
Number_Triangles: 0.0
Number_Cliques: 3681
Clique_number: 4
Clustering: 0.0232921
Edge_connectivity: 1
Betweeness: 0.0019321
Centrality: 0.2104244
Communicability: 266960.276385
Density: 0.002017
Diameter: 9.0
Eccentricity: 7.0
Pagerank: 0.0004993
Radius: 6.0
Square_clustering: 0.0010813
