Size: 1048
Order: 1001
Assortativity: -0.5771252
Transitivity: 0.00107
Degree: 0.0020939
Coreness: 1.0
Number_Triangles: 0.0
Number_Cliques: 1042
Clique_number: 3
Clustering: 0.0024755
Edge_connectivity: 1
Betweeness: 0.006668
Centrality: 0.133211
Communicability: 5.5070812
Density: 0.0020939
Diameter: 19.0
Eccentricity: 13.0
Pagerank: 0.000999
Radius: 10.0
Square_clustering: 0.0001337
