Size: 2174
Order: 2009
Assortativity: -0.5861575
Transitivity: 0.0009
Degree: 0.0010778
Coreness: 1.0
Number_Triangles: 0.0
Number_Cliques: 2163
Clique_number: 3
Clustering: 0.0026831
Edge_connectivity: 1
Betweeness: 0.0036083
Centrality: 0.1232224
Communicability: 6.9261067
Density: 0.0010778
Diameter: 16.0
Eccentricity: 13.0
Pagerank: 0.0004978
Radius: 10.0
Square_clustering: 0.0009835
