Size: 1041
Order: 1002
Assortativity: -0.4956049
Transitivity: 0.00242
Degree: 0.0020758
Coreness: 1.0
Number_Triangles: 0.0
Number_Cliques: 1028
Clique_number: 3
Clustering: 0.0048538
Edge_connectivity: 1
Betweeness: 0.0077536
Centrality: 0.1157991
Communicability: 6.2788857
Density: 0.0020758
Diameter: 18.0
Eccentricity: 15.0
Pagerank: 0.000998
Radius: 12.0
Square_clustering: 0.0006248
