Size: 521
Order: 503
Assortativity: -0.7397505
Transitivity: 0.0015
Degree: 0.0041266
Coreness: 1.0
Number_Triangles: 0.0
Number_Cliques: 517
Clique_number: 3
Clustering: 0.0001827
Edge_connectivity: 1
Betweeness: 0.0105034
Centrality: 0.1621018
Communicability: 4.8596779
Density: 0.0041266
Diameter: 12.0
Eccentricity: 9.0
Pagerank: 0.0019881
Radius: 7.0
Square_clustering: 0.0021511
