Size: 104
Order: 101
Assortativity: -0.7566577
Transitivity: 0.00414
Degree: 0.0205941
Coreness: 1.0
Number_Triangles: 0.0
Number_Cliques: 102
Clique_number: 3
Clustering: 0.010396
Edge_connectivity: 1
Betweeness: 0.0306691
Centrality: 0.2511884
Communicability: 4.4507568
Density: 0.0205941
Diameter: 7.0
Eccentricity: 6.0
Pagerank: 0.009901
Radius: 5.0
Square_clustering: 0.0103413
