Size: 313
Order: 300
Assortativity: -0.7458102
Transitivity: 0.00445
Degree: 0.0069788
Coreness: 1.0
Number_Triangles: 0.0
Number_Cliques: 307
Clique_number: 3
Clustering: 0.0105438
Edge_connectivity: 1
Betweeness: 0.0169286
Centrality: 0.1677354
Communicability: 4.2256473
Density: 0.0069788
Diameter: 12.0
Eccentricity: 9.0
Pagerank: 0.0033333
Radius: 7.0
Square_clustering: 0.0004683
