Size: 107
Order: 107
Assortativity: -0.7939796
Transitivity: 0.0
Degree: 0.0188679
Coreness: 1.0
Number_Triangles: 0.0
Number_Cliques: 107
Clique_number: 2
Clustering: 0.0
Edge_connectivity: 1
Betweeness: 0.0285748
Centrality: 0.2538727
Communicability: 4.4601713
Density: 0.0188679
Diameter: 7.0
Eccentricity: 5.0
Pagerank: 0.0093458
Radius: 4.0
Square_clustering: 0.0
