Size: 1165
Order: 1010
Assortativity: -0.3872734
Transitivity: 0.00203
Degree: 0.0022864
Coreness: 1.0
Number_Triangles: 0.0
Number_Cliques: 1150
Clique_number: 3
Clustering: 0.0067977
Edge_connectivity: 1
Betweeness: 0.0047917
Centrality: 0.1741429
Communicability: 38.6890378
Density: 0.0022864
Diameter: 10.0
Eccentricity: 8.0
Pagerank: 0.0009901
Radius: 7.0
Square_clustering: 0.0035446
