Size: 2208
Order: 2011
Assortativity: -0.6110938
Transitivity: 0.00118
Degree: 0.0010925
Coreness: 1.0
Number_Triangles: 0.0
Number_Cliques: 2192
Clique_number: 3
Clustering: 0.0037015
Edge_connectivity: 1
Betweeness: 0.0032892
Centrality: 0.1328638
Communicability: 7.2132984
Density: 0.0010925
Diameter: 15.0
Eccentricity: 11.0
Pagerank: 0.0004973
Radius: 9.0
Square_clustering: 0.0032382
