Size: 539
Order: 506
Assortativity: -0.2594043
Transitivity: 0.00132
Degree: 0.0042187
Coreness: 1.0
Number_Triangles: 0.0
Number_Cliques: 534
Clique_number: 3
Clustering: 0.0060498
Edge_connectivity: 1
Betweeness: 0.0089108
Centrality: 0.1857577
Communicability: 30.1617921
Density: 0.0042187
Diameter: 10.0
Eccentricity: 8.0
Pagerank: 0.0019763
Radius: 7.0
Square_clustering: 0.0003735
