Size: 108
Order: 106
Assortativity: -0.7947468
Transitivity: 0.0
Degree: 0.019407
Coreness: 1.0
Number_Triangles: 0.0
Number_Cliques: 108
Clique_number: 2
Clustering: 0.0
Edge_connectivity: 1
Betweeness: 0.0355467
Centrality: 0.2196652
Communicability: 4.3014429
Density: 0.019407
Diameter: 10.0
Eccentricity: 8.0
Pagerank: 0.009434
Radius: 5.0
Square_clustering: 0.0005862
