Size: 2154
Order: 2006
Assortativity: -0.1371326
Transitivity: 0.00047
Degree: 0.0010711
Coreness: 1.0
Number_Triangles: 0.0
Number_Cliques: 2134
Clique_number: 3
Clustering: 0.0056542
Edge_connectivity: 1
Betweeness: 0.0026475
Centrality: 0.1641806
Communicability: 77039.986201
Density: 0.0010711
Diameter: 13.0
Eccentricity: 9.0
Pagerank: 0.0004985
Radius: 7.0
Square_clustering: 0.0003537
