Size: 1334
Order: 1002
Assortativity: -0.4434769
Transitivity: 0.00969
Degree: 0.00266
Coreness: 1.0
Number_Triangles: 0.0
Number_Cliques: 1238
Clique_number: 4
Clustering: 0.0468491
Edge_connectivity: 1
Betweeness: 0.0038351
Centrality: 0.2117953
Communicability: 664.2786872
Density: 0.00266
Diameter: 9.0
Eccentricity: 7.0
Pagerank: 0.000998
Radius: 5.0
Square_clustering: 0.0007869
