Size: 1154
Order: 1010
Assortativity: -0.3379205
Transitivity: 0.00054
Degree: 0.0022648
Coreness: 1.0
Number_Triangles: 0.0
Number_Cliques: 1149
Clique_number: 3
Clustering: 0.0030773
Edge_connectivity: 1
Betweeness: 0.00486
Centrality: 0.1723178
Communicability: 42.4650501
Density: 0.0022648
Diameter: 11.0
Eccentricity: 8.0
Pagerank: 0.0009901
Radius: 6.0
Square_clustering: 0.0039138
