Size: 402
Order: 336
Assortativity: -0.6892998
Transitivity: 0.00076
Degree: 0.0071429
Coreness: 1.0
Number_Triangles: 0.0
Number_Cliques: 397
Clique_number: 3
Clustering: 0.0041897
Edge_connectivity: 1
Betweeness: 0.0082314
Centrality: 0.2715745
Communicability: 139.0489764
Density: 0.0071429
Diameter: 8.0
Eccentricity: 7.0
Pagerank: 0
Radius: 5.0
Square_clustering: 0.0042488
