Size: 522
Order: 513
Assortativity: -0.5453981
Transitivity: 0.00105
Degree: 0.0039748
Coreness: 1.0
Number_Triangles: 0.0
Number_Cliques: 518
Clique_number: 3
Clustering: 0.0021772
Edge_connectivity: 1
Betweeness: 0.0132262
Centrality: 0.1336205
Communicability: 8.3187992
Density: 0.0039748
Diameter: 19.0
Eccentricity: 14.0
Pagerank: 0.0019493
Radius: 10.0
Square_clustering: 0.0001884
