Size: 1072
Order: 1003
Assortativity: -0.6302172
Transitivity: 0.00268
Degree: 0.0021333
Coreness: 1.0
Number_Triangles: 0.0
Number_Cliques: 1058
Clique_number: 3
Clustering: 0.0056021
Edge_connectivity: 1
Betweeness: 0.0066166
Centrality: 0.133045
Communicability: 4.9954025
Density: 0.0021333
Diameter: 16.0
Eccentricity: 12.0
Pagerank: 0.000997
Radius: 9.0
Square_clustering: 0.0047314
