Size: 324
Order: 302
Assortativity: -0.3230026
Transitivity: 0.00561
Degree: 0.0071286
Coreness: 1.0
Number_Triangles: 0.0
Number_Cliques: 311
Clique_number: 3
Clustering: 0.0281204
Edge_connectivity: 1
Betweeness: 0.0131059
Centrality: 0.2069276
Communicability: 64.8357724
Density: 0.0071286
Diameter: 10.0
Eccentricity: 7.0
Pagerank: 0.0033113
Radius: 6.0
Square_clustering: 0.0023906
