Size: 308
Order: 305
Assortativity: -0.4034975
Transitivity: 0.0
Degree: 0.0066437
Coreness: 1.0
Number_Triangles: 0.0
Number_Cliques: 308
Clique_number: 2
Clustering: 0.0
Edge_connectivity: 1
Betweeness: 0.0114945
Centrality: 0.2342311
Communicability: 156.2824781
Density: 0.0066437
Diameter: 11.0
Eccentricity: 8.0
Pagerank: 0
Radius: 6.0
Square_clustering: 0.0002352
