Size: 2219
Order: 2003
Assortativity: -0.711861
Transitivity: 0.0021
Degree: 0.0011067
Coreness: 1.0
Number_Triangles: 0.0
Number_Cliques: 2200
Clique_number: 3
Clustering: 0.0039174
Edge_connectivity: 1
Betweeness: 0.0033552
Centrality: 0.1308365
Communicability: 4.8793421
Density: 0.0011067
Diameter: 14.0
Eccentricity: 11.0
Pagerank: 0.0004993
Radius: 9.0
Square_clustering: 0.0032296
