Size: 3873
Order: 2023
Assortativity: -0.3660415
Transitivity: 0.00472
Degree: 0.0018937
Coreness: 1.0
Number_Triangles: 1.0
Number_Cliques: 3431
Clique_number: 4
Clustering: 0.0836359
Edge_connectivity: 1
Betweeness: 0.0011174
Centrality: 0.3108345
Communicability: 3895770140.46
Density: 0.0018937
Diameter: 6.0
Eccentricity: 4.0
Pagerank: 0
Radius: 3.0
Square_clustering: 0.0008368
