Size: 1450
Order: 1031
Assortativity: -0.4249605
Transitivity: 0.10493
Degree: 0.0027309
Coreness: 1.0
Number_Triangles: 2.0
Number_Cliques: 978
Clique_number: 11
Clustering: 0.170299
Edge_connectivity: 1
Betweeness: 0.0074423
Centrality: 0.1201583
Communicability: 2181.3781506
Density: 0.0027309
Diameter: 23.0
Eccentricity: 17.0
Pagerank: 0.0009699
Radius: 12.0
Square_clustering: 0.0466952
