Size: 106
Order: 104
Assortativity: -0.695659
Transitivity: 0.00326
Degree: 0.0197909
Coreness: 1.0
Number_Triangles: 0.0
Number_Cliques: 103
Clique_number: 3
Clustering: 0.0193722
Edge_connectivity: 1
Betweeness: 0.0220991
Centrality: 0.3162717
Communicability: 16.7116854
Density: 0.0197909
Diameter: 7.0
Eccentricity: 6.0
Pagerank: 0
Radius: 4.0
Square_clustering: 0.0050306
