Size: 2650
Order: 2030
Assortativity: -0.4677172
Transitivity: 0.00288
Degree: 0.0012868
Coreness: 1.0
Number_Triangles: 0.0
Number_Cliques: 2376
Clique_number: 4
Clustering: 0.0806183
Edge_connectivity: 1
Betweeness: 0.0011522
Centrality: 0.3040526
Communicability: 205472135.605
Density: 0.0012868
Diameter: 6.0
Eccentricity: 4.0
Pagerank: 0
Radius: 4.0
Square_clustering: 0.0004786
