Size: 560
Order: 512
Assortativity: -0.9348419
Transitivity: 0.00188
Degree: 0.0042808
Coreness: 1.0
Number_Triangles: 0.0
Number_Cliques: 510
Clique_number: 3
Clustering: 0.0938251
Edge_connectivity: 1
Betweeness: 0.0027552
Centrality: 0.418278
Communicability: 302712.854319
Density: 0.0042808
Diameter: 4.0
Eccentricity: 3.0
Pagerank: 0
Radius: 2.0
Square_clustering: 0.0016401
