Size: 332
Order: 314
Assortativity: -0.6118743
Transitivity: 0.00388
Degree: 0.0067561
Coreness: 1.0
Number_Triangles: 0.0
Number_Cliques: 307
Clique_number: 4
Clustering: 0.0459576
Edge_connectivity: 1
Betweeness: 0.0087795
Centrality: 0.271345
Communicability: 501.3423421
Density: 0.0067561
Diameter: 7.0
Eccentricity: 6.0
Pagerank: 0
Radius: 5.0
Square_clustering: 0.0061432
