Size: 1351
Order: 1152
Assortativity: -0.6008981
Transitivity: 0.00119
Degree: 0.0020378
Coreness: 1.0
Number_Triangles: 0.0
Number_Cliques: 1243
Clique_number: 3
Clustering: 0.0740151
Edge_connectivity: 1
Betweeness: 0.0017733
Centrality: 0.3370513
Communicability: 150558600.027
Density: 0.0020378
Diameter: 8.0
Eccentricity: 6.0
Pagerank: 0
Radius: 4.0
Square_clustering: 0.001854
