Size: 2998
Order: 2027
Assortativity: -0.5229298
Transitivity: 0.11403
Degree: 0.0014601
Coreness: 1.0
Number_Triangles: 4.0
Number_Cliques: 1990
Clique_number: 24
Clustering: 0.1879636
Edge_connectivity: 1
Betweeness: 0.0033014
Centrality: 0.1331251
Communicability: 16085956.3966
Density: 0.0014601
Diameter: 17.0
Eccentricity: 13.0
Pagerank: 0.0004933
Radius: 9.0
Square_clustering: 0.0284168
