Size: 700
Order: 503
Assortativity: -0.4658915
Transitivity: 0.07778
Degree: 0.0055444
Coreness: 1.0
Number_Triangles: 2.0
Number_Cliques: 467
Clique_number: 7
Clustering: 0.2037349
Edge_connectivity: 1
Betweeness: 0.0151085
Centrality: 0.1189259
Communicability: 120.202044
Density: 0.0055444
Diameter: 21.0
Eccentricity: 16.0
Pagerank: 0.0019881
Radius: 11.0
Square_clustering: 0.042511
