Size: 184
Order: 108
Assortativity: -0.4023662
Transitivity: 0.19243
Degree: 0.0318449
Coreness: 2.0
Number_Triangles: 2.0
Number_Cliques: 91
Clique_number: 6
Clustering: 0.4088468
Edge_connectivity: 1
Betweeness: 0.0208958
Centrality: 0.3188388
Communicability: 27.3545984
Density: 0.0318449
Diameter: 7.0
Eccentricity: 5.0
Pagerank: 0.0092593
Radius: 4.0
Square_clustering: 0.1200768
