Size: 281
Order: 102
Assortativity: -0.7880108
Transitivity: 0.08906
Degree: 0.0545525
Coreness: 2.0
Number_Triangles: 6.0
Number_Cliques: 160
Clique_number: 5
Clustering: 0.5329503
Edge_connectivity: 1
Betweeness: 0.0116075
Centrality: 0.4699947
Communicability: 25142.5986298
Density: 0.0545525
Diameter: 4.0
Eccentricity: 3.0
Node_connectivity: 2.2506309
Pagerank: 0.0098039
Radius: 2.0
Square_clustering: 0.0929778
