Size: 213
Order: 109
Assortativity: -0.746012
Transitivity: 0.09086
Degree: 0.0361876
Coreness: 2.0
Number_Triangles: 3.0
Number_Cliques: 138
Clique_number: 5
Clustering: 0.2861916
Edge_connectivity: 1
Betweeness: 0.0147554
Centrality: 0.3952031
Communicability: 552.0448822
Density: 0.0361876
Diameter: 4.0
Eccentricity: 3.0
Node_connectivity: 1.4908257
Pagerank: 0.0091743
Radius: 3.0
Square_clustering: 0.0300042
