Size: 157
Order: 118
Assortativity: -0.760197
Transitivity: 0.0
Degree: 0.0227437
Coreness: 1.0
Number_Triangles: 0.0
Number_Cliques: 157
Clique_number: 2
Clustering: 0.0
Edge_connectivity: 1
Betweeness: 0.0124733
Centrality: 0.4205836
Communicability: 372.7573014
Density: 0.0227437
Diameter: 6.0
Eccentricity: 4.0
Pagerank: 0
Radius: 3.0
Square_clustering: 0.0520597
