Size: 506
Order: 306
Assortativity: -0.5397344
Transitivity: 0.0
Degree: 0.0108432
Coreness: 1.0
Number_Triangles: 0.0
Number_Cliques: 506
Clique_number: 2
Clustering: 0.0
Edge_connectivity: 1
Betweeness: 0.008122
Centrality: 0.3077465
Communicability: 63237.5704597
Density: 0.0108432
Diameter: 11.0
Eccentricity: 8.0
Pagerank: 0
Radius: 6.0
Square_clustering: 0.1727281
