Size: 774
Order: 526
Assortativity: -0.6110671
Transitivity: 0.0
Degree: 0.0056056
Coreness: 1.0
Number_Triangles: 0.0
Number_Cliques: 774
Clique_number: 2
Clustering: 0.0
Edge_connectivity: 1
Betweeness: 0.0051135
Centrality: 0.2780326
Communicability: 16333.3811266
Density: 0.0056056
Diameter: 9.0
Eccentricity: 6.0
Pagerank: 0
Radius: 5.0
Square_clustering: 0.021213
