Size: 2147
Order: 1000
Assortativity: -0.2447245
Transitivity: 0.0
Degree: 0.0042983
Coreness: 2.0
Number_Triangles: 0.0
Number_Cliques: 2147
Clique_number: 2
Clustering: 0.0
Edge_connectivity: 1
Betweeness: 0.003436
Centrality: 0.2317301
Communicability: 96120.4216152
Density: 0.0042983
Diameter: 11.0
Eccentricity: 7.0
Pagerank: 0.001
Radius: 6.0
Square_clustering: 0.1651542
