Size: 538
Order: 303
Assortativity: -0.4931595
Transitivity: 0.0
Degree: 0.0117588
Coreness: 1.0
Number_Triangles: 0.0
Number_Cliques: 538
Clique_number: 2
Clustering: 0.0
Edge_connectivity: 1
Betweeness: 0.0090514
Centrality: 0.2764156
Communicability: 4132.6363864
Density: 0.0117588
Diameter: 8.0
Eccentricity: 6.0
Pagerank: 0.0033003
Radius: 4.0
Square_clustering: 0.1712307
