Size: 989
Order: 500
Assortativity: -0.2524398
Transitivity: 0.0
Degree: 0.0079279
Coreness: 2.0
Number_Triangles: 0.0
Number_Cliques: 989
Clique_number: 2
Clustering: 0.0
Edge_connectivity: 1
Betweeness: 0.0065143
Centrality: 0.2426807
Communicability: 3690.5512343
Density: 0.0079279
Diameter: 10.0
Eccentricity: 7.0
Pagerank: 0.002
Radius: 6.0
Square_clustering: 0.1665711
