Size: 111
Order: 101
Assortativity: -0.5347209
Transitivity: 0.0
Degree: 0.0219802
Coreness: 1.0
Number_Triangles: 0.0
Number_Cliques: 111
Clique_number: 2
Clustering: 0.0
Edge_connectivity: 1
Betweeness: 0.0184258
Centrality: 0.3709968
Communicability: 48.9334447
Density: 0.0219802
Diameter: 7.0
Eccentricity: 5.0
Pagerank: 0.009901
Radius: 4.0
Square_clustering: 0.0919171
