Size: 501
Order: 305
Assortativity: -0.5530086
Transitivity: 0.0
Degree: 0.0108067
Coreness: 1.0
Number_Triangles: 0.0
Number_Cliques: 501
Clique_number: 2
Clustering: 0.0
Edge_connectivity: 1
Betweeness: 0.0090108
Centrality: 0.2776674
Communicability: 9138.8028517
Density: 0.0108067
Diameter: 10.0
Eccentricity: 7.0
Pagerank: 0.0032787
Radius: 6.0
Square_clustering: 0.1121463
