Size: 110
Order: 104
Assortativity: -0.5673306
Transitivity: 0.0
Degree: 0.0205377
Coreness: 1.0
Number_Triangles: 0.0
Number_Cliques: 110
Clique_number: 2
Clustering: 0.0
Edge_connectivity: 1
Betweeness: 0.0186944
Centrality: 0.3632808
Communicability: 58.1273693
Density: 0.0205377
Diameter: 8.0
Eccentricity: 6.0
Pagerank: 0.0096154
Radius: 4.0
Square_clustering: 0.0665369
