Size: 663
Order: 552
Assortativity: -0.6564577
Transitivity: 0.0
Degree: 0.0043597
Coreness: 1.0
Number_Triangles: 0.0
Number_Cliques: 663
Clique_number: 2
Clustering: 0.0
Edge_connectivity: 1
Betweeness: 0.0040557
Centrality: 0.3149055
Communicability: 55544.8101338
Density: 0.0043597
Diameter: 8.0
Eccentricity: 5.0
Pagerank: 0
Radius: 5.0
Square_clustering: 0.0161458
