Size: 1984
Order: 1008
Assortativity: -0.4456164
Transitivity: 0.0
Degree: 0.0039091
Coreness: 2.0
Number_Triangles: 0.0
Number_Cliques: 1984
Clique_number: 2
Clustering: 0.0
Edge_connectivity: 1
Betweeness: 0.0027224
Centrality: 0.2719309
Communicability: 1345987.27023
Density: 0.0039091
Diameter: 9.0
Eccentricity: 6.0
Pagerank: 0.0009921
Radius: 5.0
Square_clustering: 0.0930618
