Size: 433
Order: 300
Assortativity: -0.7299336
Transitivity: 0.0
Degree: 0.0096544
Coreness: 1.0
Number_Triangles: 0.0
Number_Cliques: 433
Clique_number: 2
Clustering: 0.0
Edge_connectivity: 1
Betweeness: 0.008931
Centrality: 0.2774645
Communicability: 2637.2825199
Density: 0.0096544
Diameter: 8.0
Eccentricity: 6.0
Pagerank: 0
Radius: 5.0
Square_clustering: 0.2604499
