Size: 104
Order: 101
Assortativity: -0.697571
Transitivity: 0.0
Degree: 0.0205941
Coreness: 1.0
Number_Triangles: 0.0
Number_Cliques: 104
Clique_number: 2
Clustering: 0.0
Edge_connectivity: 1
Betweeness: 0.0154775
Centrality: 0.4103653
Communicability: 87.5343685
Density: 0.0205941
Diameter: 6.0
Eccentricity: 4.0
Pagerank: 0
Radius: 3.0
Square_clustering: 0.0261428
