Size: 1322
Order: 1064
Assortativity: -0.4716985
Transitivity: 0.0
Degree: 0.0023377
Coreness: 1.0
Number_Triangles: 0.0
Number_Cliques: 1322
Clique_number: 2
Clustering: 0.0
Edge_connectivity: 1
Betweeness: 0.0024561
Centrality: 0.2840925
Communicability: 4180770.19451
Density: 0.0023377
Diameter: 9.0
Eccentricity: 6.0
Pagerank: 0
Radius: 5.0
Square_clustering: 0.0111812
