Size: 4086
Order: 2000
Assortativity: -0.2880314
Transitivity: 0.0
Degree: 0.002044
Coreness: 2.0
Number_Triangles: 0.0
Number_Cliques: 4086
Clique_number: 2
Clustering: 0.0
Edge_connectivity: 1
Betweeness: 0.0015826
Centrality: 0.2453077
Communicability: 11133286.5888
Density: 0.002044
Diameter: 11.0
Eccentricity: 7.0
Pagerank: 0.0005
Radius: 6.0
Square_clustering: 0.1317998
