Size: 870
Order: 519
Assortativity: -0.8602181
Transitivity: 0.0
Degree: 0.0064722
Coreness: 1.0
Number_Triangles: 0.0
Number_Cliques: 870
Clique_number: 2
Clustering: 0.0
Edge_connectivity: 1
Betweeness: 0.0037032
Centrality: 0.3507201
Communicability: 8995950.68083
Density: 0.0064722
Diameter: 7.0
Eccentricity: 5.0
Pagerank: 0
Radius: 4.0
Square_clustering: 0.062029
