Size: 106
Order: 101
Assortativity: -0.6628383
Transitivity: 0.0
Degree: 0.0209901
Coreness: 1.0
Number_Triangles: 0.0
Number_Cliques: 106
Clique_number: 2
Clustering: 0.0
Edge_connectivity: 1
Betweeness: 0.0209661
Centrality: 0.3489311
Communicability: 79.0141337
Density: 0.0209901
Diameter: 8.0
Eccentricity: 7.0
Pagerank: 0.009901
Radius: 4.0
Square_clustering: 0.0290555
