Size: 330
Order: 300
Assortativity: -0.6471596
Transitivity: 0.0
Degree: 0.0073579
Coreness: 1.0
Number_Triangles: 0.0
Number_Cliques: 330
Clique_number: 2
Clustering: 0.0
Edge_connectivity: 1
Betweeness: 0.0079109
Centrality: 0.3059553
Communicability: 1114.3620714
Density: 0.0073579
Diameter: 7.0
Eccentricity: 6.0
Pagerank: 0
Radius: 4.0
Square_clustering: 0.0307652
