Size: 109
Order: 100
Assortativity: -0.4740153
Transitivity: 0.0
Degree: 0.0220202
Coreness: 1.0
Number_Triangles: 0.0
Number_Cliques: 109
Clique_number: 2
Clustering: 0.0
Edge_connectivity: 1
Betweeness: 0.035502
Centrality: 0.2380691
Communicability: 10.8478308
Density: 0.0220202
Diameter: 13.0
Eccentricity: 9.0
Pagerank: 0.01
Radius: 7.0
Square_clustering: 0.0239789
