Size: 645
Order: 560
Assortativity: -0.5598202
Transitivity: 0.0
Degree: 0.0041209
Coreness: 1.0
Number_Triangles: 0.0
Number_Cliques: 645
Clique_number: 2
Clustering: 0.0
Edge_connectivity: 1
Betweeness: 0.0041486
Centrality: 0.3087221
Communicability: 57443.0164136
Density: 0.0041209
Diameter: 9.0
Eccentricity: 6.0
Pagerank: 0
Radius: 5.0
Square_clustering: 0.0459869
