Size: 478
Order: 302
Assortativity: -0.7135141
Transitivity: 0.0
Degree: 0.0105168
Coreness: 1.0
Number_Triangles: 0.0
Number_Cliques: 478
Clique_number: 2
Clustering: 0.0
Edge_connectivity: 1
Betweeness: 0.0057286
Centrality: 0.3886275
Communicability: 730151.563705
Density: 0.0105168
Diameter: 10.0
Eccentricity: 7.0
Pagerank: 0
Radius: 5.0
Square_clustering: 0.1725556
