Size: 140
Order: 127
Assortativity: -0.615557
Transitivity: 0.0
Degree: 0.0174978
Coreness: 1.0
Number_Triangles: 0.0
Number_Cliques: 140
Clique_number: 2
Clustering: 0.0
Edge_connectivity: 1
Betweeness: 0.0231561
Centrality: 0.2604042
Communicability: 17.4716252
Density: 0.0174978
Diameter: 8.0
Eccentricity: 6.0
Pagerank: 0.007874
Radius: 5.0
Square_clustering: 0.0106742
