Size: 2042
Order: 1001
Assortativity: -0.3090174
Transitivity: 0.0
Degree: 0.0040799
Coreness: 2.0
Number_Triangles: 0.0
Number_Cliques: 2042
Clique_number: 2
Clustering: 0.0
Edge_connectivity: 1
Betweeness: 0.0031526
Centrality: 0.246787
Communicability: 417162.928723
Density: 0.0040799
Diameter: 10.0
Eccentricity: 7.0
Pagerank: 0.000999
Radius: 5.0
Square_clustering: 0.1335604
