Size: 697
Order: 504
Assortativity: -0.6365571
Transitivity: 0.0
Degree: 0.0054988
Coreness: 1.0
Number_Triangles: 0.0
Number_Cliques: 697
Clique_number: 2
Clustering: 0.0
Edge_connectivity: 1
Betweeness: 0.004706
Centrality: 0.3016056
Communicability: 8544.533147
Density: 0.0054988
Diameter: 7.0
Eccentricity: 5.0
Pagerank: 0
Radius: 4.0
Square_clustering: 0.0186213
