Size: 512
Order: 333
Assortativity: -0.70943
Transitivity: 0.0
Degree: 0.0092623
Coreness: 1.0
Number_Triangles: 0.0
Number_Cliques: 512
Clique_number: 2
Clustering: 0.0
Edge_connectivity: 1
Betweeness: 0.006999
Centrality: 0.314358
Communicability: 348493.010404
Density: 0.0092623
Diameter: 7.0
Eccentricity: 5.0
Pagerank: 0
Radius: 4.0
Square_clustering: 0.2288024
