Size: 137
Order: 105
Assortativity: -0.5377988
Transitivity: 0.0
Degree: 0.0250916
Coreness: 1.0
Number_Triangles: 0.0
Number_Cliques: 137
Clique_number: 2
Clustering: 0.0
Edge_connectivity: 1
Betweeness: 0.0239269
Centrality: 0.3013724
Communicability: 44.652507
Density: 0.0250916
Diameter: 9.0
Eccentricity: 6.0
Pagerank: 0.0095238
Radius: 5.0
Square_clustering: 0.0621725
