Size: 783
Order: 503
Assortativity: -0.5263312
Transitivity: 0.0
Degree: 0.0062018
Coreness: 1.0
Number_Triangles: 0.0
Number_Cliques: 783
Clique_number: 2
Clustering: 0.0
Edge_connectivity: 1
Betweeness: 0.0055037
Centrality: 0.2717302
Communicability: 9352.4068613
Density: 0.0062018
Diameter: 9.0
Eccentricity: 6.0
Pagerank: 0.0019881
Radius: 5.0
Square_clustering: 0.0837191
