Size: 486
Order: 371
Assortativity: -0.4631142
Transitivity: 0.0
Degree: 0.0070809
Coreness: 1.0
Number_Triangles: 0.0
Number_Cliques: 486
Clique_number: 2
Clustering: 0.0
Edge_connectivity: 1
Betweeness: 0.0071865
Centrality: 0.2826067
Communicability: 935.9154951
Density: 0.0070809
Diameter: 8.0
Eccentricity: 6.0
Pagerank: 0
Radius: 4.0
Square_clustering: 0.0734855
