Size: 612
Order: 571
Assortativity: -0.7381721
Transitivity: 0.0
Degree: 0.0037607
Coreness: 1.0
Number_Triangles: 0.0
Number_Cliques: 612
Clique_number: 2
Clustering: 0.0
Edge_connectivity: 1
Betweeness: 0.0040829
Centrality: 0.3067987
Communicability: 33342.2546868
Density: 0.0037607
Diameter: 8.0
Eccentricity: 6.0
Pagerank: 0
Radius: 5.0
Square_clustering: 0.0082273
