Size: 508
Order: 317
Assortativity: -0.6739751
Transitivity: 0.0
Degree: 0.0101426
Coreness: 1.0
Number_Triangles: 0.0
Number_Cliques: 508
Clique_number: 2
Clustering: 0.0
Edge_connectivity: 1
Betweeness: 0.0055402
Centrality: 0.3804757
Communicability: 791524.696821
Density: 0.0101426
Diameter: 8.0
Eccentricity: 5.0
Pagerank: 0
Radius: 4.0
Square_clustering: 0.1643907
