Size: 1660
Order: 1000
Assortativity: -0.3541665
Transitivity: 0.0
Degree: 0.0033233
Coreness: 1.0
Number_Triangles: 0.0
Number_Cliques: 1660
Clique_number: 2
Clustering: 0.0
Edge_connectivity: 1
Betweeness: 0.0030296
Centrality: 0.2542478
Communicability: 39301.6414854
Density: 0.0033233
Diameter: 10.0
Eccentricity: 7.0
Pagerank: 0.001
Radius: 6.0
Square_clustering: 0.1018756
