Size: 1037
Order: 566
Assortativity: -0.6053692
Transitivity: 0.0
Degree: 0.0064855
Coreness: 1.0
Number_Triangles: 0.0
Number_Cliques: 1037
Clique_number: 2
Clustering: 0.0
Edge_connectivity: 1
Betweeness: 0.0043187
Centrality: 0.2953486
Communicability: 198835.934858
Density: 0.0064855
Diameter: 7.0
Eccentricity: 5.0
Pagerank: 0.0017668
Radius: 4.0
Square_clustering: 0.0882922
