Size: 381
Order: 357
Assortativity: -0.7390022
Transitivity: 0.0
Degree: 0.0059957
Coreness: 1.0
Number_Triangles: 0.0
Number_Cliques: 381
Clique_number: 2
Clustering: 0.0
Edge_connectivity: 1
Betweeness: 0.0068965
Centrality: 0.2967862
Communicability: 1515.7857697
Density: 0.0059957
Diameter: 8.0
Eccentricity: 6.0
Pagerank: 0
Radius: 5.0
Square_clustering: 0.0052853
