Size: 2113
Order: 1001
Assortativity: -0.2990974
Transitivity: 0.0
Degree: 0.0042218
Coreness: 2.0
Number_Triangles: 0.0
Number_Cliques: 2113
Clique_number: 2
Clustering: 0.0
Edge_connectivity: 1
Betweeness: 0.0033078
Centrality: 0.2381076
Communicability: 130593.347338
Density: 0.0042218
Diameter: 11.0
Eccentricity: 8.0
Pagerank: 0.000999
Radius: 6.0
Square_clustering: 0.1480849
