Size: 363
Order: 301
Assortativity: -0.5236474
Transitivity: 0.0
Degree: 0.0080399
Coreness: 1.0
Number_Triangles: 0.0
Number_Cliques: 363
Clique_number: 2
Clustering: 0.0
Edge_connectivity: 1
Betweeness: 0.0061134
Centrality: 0.3696143
Communicability: 10315.069689
Density: 0.0080399
Diameter: 8.0
Eccentricity: 5.0
Pagerank: 0
Radius: 4.0
Square_clustering: 0.0442222
