Size: 893
Order: 554
Assortativity: -0.5529586
Transitivity: 0.0
Degree: 0.0058297
Coreness: 1.0
Number_Triangles: 0.0
Number_Cliques: 893
Clique_number: 2
Clustering: 0.0
Edge_connectivity: 1
Betweeness: 0.0046646
Centrality: 0.2864164
Communicability: 44428.9471898
Density: 0.0058297
Diameter: 9.0
Eccentricity: 6.0
Pagerank: 0
Radius: 5.0
Square_clustering: 0.0890123
