Size: 2025
Order: 1000
Assortativity: -0.2912367
Transitivity: 0.0
Degree: 0.0040541
Coreness: 2.0
Number_Triangles: 0.0
Number_Cliques: 2025
Clique_number: 2
Clustering: 0.0
Edge_connectivity: 1
Betweeness: 0.0032361
Centrality: 0.2423696
Communicability: 62200.3059677
Density: 0.0040541
Diameter: 11.0
Eccentricity: 8.0
Pagerank: 0.001
Radius: 6.0
Square_clustering: 0.1311117
