Size: 900
Order: 501
Assortativity: -0.3800716
Transitivity: 0.0
Degree: 0.0071856
Coreness: 1.0
Number_Triangles: 0.0
Number_Cliques: 900
Clique_number: 2
Clustering: 0.0
Edge_connectivity: 1
Betweeness: 0.0065093
Centrality: 0.2436465
Communicability: 5406.7654722
Density: 0.0071856
Diameter: 12.0
Eccentricity: 8.0
Pagerank: 0.001996
Radius: 6.0
Square_clustering: 0.1184788
