Size: 378
Order: 314
Assortativity: -0.4891476
Transitivity: 0.0
Degree: 0.0076922
Coreness: 1.0
Number_Triangles: 0.0
Number_Cliques: 378
Clique_number: 2
Clustering: 0.0
Edge_connectivity: 1
Betweeness: 0.0091772
Centrality: 0.2678848
Communicability: 295.1775497
Density: 0.0076922
Diameter: 11.0
Eccentricity: 8.0
Pagerank: 0
Radius: 6.0
Square_clustering: 0.0534174
