Size: 132
Order: 127
Assortativity: -0.8475258
Transitivity: 0.0
Degree: 0.0164979
Coreness: 1.0
Number_Triangles: 0.0
Number_Cliques: 132
Clique_number: 2
Clustering: 0.0
Edge_connectivity: 1
Betweeness: 0.0085779
Centrality: 0.4872863
Communicability: 457.1960224
Density: 0.0164979
Diameter: 4.0
Eccentricity: 3.0
Pagerank: 0
Radius: 2.0
Square_clustering: 0.0645669
