Size: 133
Order: 111
Assortativity: -0.5333475
Transitivity: 0.0
Degree: 0.0217854
Coreness: 1.0
Number_Triangles: 0.0
Number_Cliques: 133
Clique_number: 2
Clustering: 0.0
Edge_connectivity: 1
Betweeness: 0.0245956
Centrality: 0.2802102
Communicability: 15.9457349
Density: 0.0217854
Diameter: 8.0
Eccentricity: 6.0
Pagerank: 0.009009
Radius: 4.0
Square_clustering: 0.0663365
