Size: 315
Order: 302
Assortativity: -0.8203731
Transitivity: 0.0
Degree: 0.0069305
Coreness: 1.0
Number_Triangles: 0.0
Number_Cliques: 315
Clique_number: 2
Clustering: 0.0
Edge_connectivity: 1
Betweeness: 0.0065055
Centrality: 0.3426768
Communicability: 2371.2208584
Density: 0.0069305
Diameter: 6.0
Eccentricity: 4.0
Pagerank: 0
Radius: 4.0
Square_clustering: 0.0069734
