Size: 848
Order: 574
Assortativity: -0.5685118
Transitivity: 0.0
Degree: 0.0051566
Coreness: 1.0
Number_Triangles: 0.0
Number_Cliques: 848
Clique_number: 2
Clustering: 0.0
Edge_connectivity: 1
Betweeness: 0.0046417
Centrality: 0.2783208
Communicability: 5902.8601221
Density: 0.0051566
Diameter: 8.0
Eccentricity: 6.0
Pagerank: 0
Radius: 5.0
Square_clustering: 0.0739795
