Size: 2073
Order: 1000
Assortativity: -0.2858729
Transitivity: 0.0
Degree: 0.0041502
Coreness: 2.0
Number_Triangles: 0.0
Number_Cliques: 2073
Clique_number: 2
Clustering: 0.0
Edge_connectivity: 1
Betweeness: 0.003456
Centrality: 0.2308917
Communicability: 39708.3022856
Density: 0.0041502
Diameter: 12.0
Eccentricity: 8.0
Pagerank: 0.001
Radius: 6.0
Square_clustering: 0.1333343
