Size: 2113
Order: 1001
Assortativity: -0.3087826
Transitivity: 0.0
Degree: 0.0042218
Coreness: 2.0
Number_Triangles: 0.0
Number_Cliques: 2113
Clique_number: 2
Clustering: 0.0
Edge_connectivity: 1
Betweeness: 0.0031658
Centrality: 0.2463108
Communicability: 173101.366378
Density: 0.0042218
Diameter: 13.0
Eccentricity: 9.0
Pagerank: 0.000999
Radius: 7.0
Square_clustering: 0.1298127
