Size: 416
Order: 388
Assortativity: -0.729907
Transitivity: 0.0
Degree: 0.0055409
Coreness: 1.0
Number_Triangles: 0.0
Number_Cliques: 416
Clique_number: 2
Clustering: 0.0
Edge_connectivity: 1
Betweeness: 0.0055371
Centrality: 0.3230021
Communicability: 5390.4067052
Density: 0.0055409
Diameter: 6.0
Eccentricity: 5.0
Pagerank: 0
Radius: 3.0
Square_clustering: 0.0111069
