Size: 693
Order: 511
Assortativity: -0.5689441
Transitivity: 0.0
Degree: 0.0053183
Coreness: 1.0
Number_Triangles: 0.0
Number_Cliques: 693
Clique_number: 2
Clustering: 0.0
Edge_connectivity: 1
Betweeness: 0.0047068
Centrality: 0.2999864
Communicability: 12757.7637226
Density: 0.0053183
Diameter: 7.0
Eccentricity: 5.0
Pagerank: 0
Radius: 4.0
Square_clustering: 0.0441874
