Size: 151
Order: 118
Assortativity: -0.4047009
Transitivity: 0.0
Degree: 0.0218745
Coreness: 1.0
Number_Triangles: 0.0
Number_Cliques: 151
Clique_number: 2
Clustering: 0.0
Edge_connectivity: 1
Betweeness: 0.0225826
Centrality: 0.2903564
Communicability: 45.1537604
Density: 0.0218745
Diameter: 8.0
Eccentricity: 7.0
Pagerank: 0.0084746
Radius: 5.0
Square_clustering: 0.089326
