Size: 939
Order: 500
Assortativity: -0.3115352
Transitivity: 0.0
Degree: 0.0075271
Coreness: 2.0
Number_Triangles: 0.0
Number_Cliques: 939
Clique_number: 2
Clustering: 0.0
Edge_connectivity: 1
Betweeness: 0.0068463
Centrality: 0.2353633
Communicability: 3070.2069661
Density: 0.0075271
Diameter: 13.0
Eccentricity: 9.0
Pagerank: 0.002
Radius: 7.0
Square_clustering: 0.150721
