Size: 444
Order: 300
Assortativity: -0.4635493
Transitivity: 0.0
Degree: 0.0098997
Coreness: 1.0
Number_Triangles: 0.0
Number_Cliques: 444
Clique_number: 2
Clustering: 0.0
Edge_connectivity: 1
Betweeness: 0.0090235
Centrality: 0.2785197
Communicability: 576.5766474
Density: 0.0098997
Diameter: 8.0
Eccentricity: 6.0
Pagerank: 0.0033333
Radius: 4.0
Square_clustering: 0.0573488
