Size: 730
Order: 536
Assortativity: -0.7769077
Transitivity: 0.0
Degree: 0.0050914
Coreness: 1.0
Number_Triangles: 0.0
Number_Cliques: 730
Clique_number: 2
Clustering: 0.0
Edge_connectivity: 1
Betweeness: 0.0037712
Centrality: 0.3347234
Communicability: 226681.895669
Density: 0.0050914
Diameter: 6.0
Eccentricity: 5.0
Pagerank: 0
Radius: 4.0
Square_clustering: 0.0771482
