Size: 1672
Order: 1010
Assortativity: -0.4861584
Transitivity: 0.0
Degree: 0.0032814
Coreness: 1.0
Number_Triangles: 0.0
Number_Cliques: 1672
Clique_number: 2
Clustering: 0.0
Edge_connectivity: 1
Betweeness: 0.0027336
Centrality: 0.2701137
Communicability: 92794.2230665
Density: 0.0032814
Diameter: 9.0
Eccentricity: 6.0
Pagerank: 0
Radius: 5.0
Square_clustering: 0.1144949
