Size: 138
Order: 125
Assortativity: -0.6005011
Transitivity: 0.0
Degree: 0.0178065
Coreness: 1.0
Number_Triangles: 0.0
Number_Cliques: 138
Clique_number: 2
Clustering: 0.0
Edge_connectivity: 1
Betweeness: 0.0195143
Centrality: 0.3046065
Communicability: 27.1514344
Density: 0.0178065
Diameter: 8.0
Eccentricity: 5.0
Pagerank: 0.008
Radius: 4.0
Square_clustering: 0.009425
