Size: 370
Order: 301
Assortativity: -0.7639564
Transitivity: 0.0
Degree: 0.0081949
Coreness: 1.0
Number_Triangles: 0.0
Number_Cliques: 370
Clique_number: 2
Clustering: 0.0
Edge_connectivity: 1
Betweeness: 0.0051349
Centrality: 0.4048479
Communicability: 29430.0869557
Density: 0.0081949
Diameter: 5.0
Eccentricity: 4.0
Pagerank: 0
Radius: 3.0
Square_clustering: 0.034425
