Size: 134
Order: 129
Assortativity: -0.883745
Transitivity: 0.0
Degree: 0.0162306
Coreness: 1.0
Number_Triangles: 0.0
Number_Cliques: 134
Clique_number: 2
Clustering: 0.0
Edge_connectivity: 1
Betweeness: 0.0148725
Centrality: 0.3507674
Communicability: 62.9198858
Density: 0.0162306
Diameter: 5.0
Eccentricity: 4.0
Pagerank: 0
Radius: 3.0
Square_clustering: 0.0206706
