Size: 412
Order: 316
Assortativity: -0.5002969
Transitivity: 0.0
Degree: 0.0082781
Coreness: 1.0
Number_Triangles: 0.0
Number_Cliques: 412
Clique_number: 2
Clustering: 0.0
Edge_connectivity: 1
Betweeness: 0.0069883
Centrality: 0.3270616
Communicability: 5756.248327
Density: 0.0082781
Diameter: 9.0
Eccentricity: 6.0
Pagerank: 0
Radius: 5.0
Square_clustering: 0.1398583
