Size: 2098
Order: 1001
Assortativity: -0.31335
Transitivity: 0.0
Degree: 0.0041918
Coreness: 2.0
Number_Triangles: 0.0
Number_Cliques: 2098
Clique_number: 2
Clustering: 0.0
Edge_connectivity: 1
Betweeness: 0.0031323
Centrality: 0.2475225
Communicability: 207659.696259
Density: 0.0041918
Diameter: 10.0
Eccentricity: 7.0
Pagerank: 0.000999
Radius: 6.0
Square_clustering: 0.1301262
