Size: 817
Order: 501
Assortativity: -0.7747714
Transitivity: 0.0
Degree: 0.006523
Coreness: 1.0
Number_Triangles: 0.0
Number_Cliques: 817
Clique_number: 2
Clustering: 0.0
Edge_connectivity: 1
Betweeness: 0.0047105
Centrality: 0.3042554
Communicability: 229521.373658
Density: 0.006523
Diameter: 9.0
Eccentricity: 6.0
Pagerank: 0
Radius: 5.0
Square_clustering: 0.167436
