Size: 111
Order: 106
Assortativity: -0.3825319
Transitivity: 0.0
Degree: 0.0199461
Coreness: 1.0
Number_Triangles: 0.0
Number_Cliques: 111
Clique_number: 2
Clustering: 0.0
Edge_connectivity: 1
Betweeness: 0.0428761
Centrality: 0.1938335
Communicability: 8.555657
Density: 0.0199461
Diameter: 14.0
Eccentricity: 10.0
Pagerank: 0.009434
Radius: 7.0
Square_clustering: 0.0355522
