Size: 328
Order: 300
Assortativity: -0.5515615
Transitivity: 0.0
Degree: 0.0073133
Coreness: 1.0
Number_Triangles: 0.0
Number_Cliques: 328
Clique_number: 2
Clustering: 0.0
Edge_connectivity: 1
Betweeness: 0.0072309
Centrality: 0.3294689
Communicability: 3611.4897241
Density: 0.0073133
Diameter: 9.0
Eccentricity: 6.0
Pagerank: 0
Radius: 5.0
Square_clustering: 0.0201311
