Size: 699
Order: 520
Assortativity: -0.609675
Transitivity: 0.0
Degree: 0.0051801
Coreness: 1.0
Number_Triangles: 0.0
Number_Cliques: 699
Clique_number: 2
Clustering: 0.0
Edge_connectivity: 1
Betweeness: 0.0046876
Centrality: 0.296506
Communicability: 12932.1693989
Density: 0.0051801
Diameter: 7.0
Eccentricity: 5.0
Pagerank: 0
Radius: 4.0
Square_clustering: 0.0223998
