Size: 2150
Order: 1000
Assortativity: -0.2966323
Transitivity: 0.0
Degree: 0.0043043
Coreness: 2.0
Number_Triangles: 0.0
Number_Cliques: 2150
Clique_number: 2
Clustering: 0.0
Edge_connectivity: 1
Betweeness: 0.0031533
Centrality: 0.2464992
Communicability: 186434.946219
Density: 0.0043043
Diameter: 10.0
Eccentricity: 7.0
Pagerank: 0.001
Radius: 5.0
Square_clustering: 0.1186207
