Size: 1037
Order: 500
Assortativity: -0.3198424
Transitivity: 0.0
Degree: 0.0083126
Coreness: 2.0
Number_Triangles: 0.0
Number_Cliques: 1037
Clique_number: 2
Clustering: 0.0
Edge_connectivity: 1
Betweeness: 0.0064081
Centrality: 0.24484
Communicability: 2611.7561014
Density: 0.0083126
Diameter: 10.0
Eccentricity: 7.0
Pagerank: 0.002
Radius: 5.0
Square_clustering: 0.1301235
