Size: 505
Order: 300
Assortativity: -0.6415478
Transitivity: 0.0
Degree: 0.0112598
Coreness: 1.0
Number_Triangles: 0.0
Number_Cliques: 505
Clique_number: 2
Clustering: 0.0
Edge_connectivity: 1
Betweeness: 0.0080761
Centrality: 0.2983919
Communicability: 2570.2303709
Density: 0.0112598
Diameter: 7.0
Eccentricity: 5.0
Pagerank: 0.0033333
Radius: 4.0
Square_clustering: 0.1074804
