Size: 464
Order: 380
Assortativity: -0.6400437
Transitivity: 0.0
Degree: 0.0064435
Coreness: 1.0
Number_Triangles: 0.0
Number_Cliques: 464
Clique_number: 2
Clustering: 0.0
Edge_connectivity: 1
Betweeness: 0.0053513
Centrality: 0.3435864
Communicability: 29652.0607868
Density: 0.0064435
Diameter: 9.0
Eccentricity: 8.0
Pagerank: 0
Radius: 5.0
Square_clustering: 0.0461615
