Size: 1428
Order: 1032
Assortativity: -0.5105227
Transitivity: 0.0
Degree: 0.0026842
Coreness: 1.0
Number_Triangles: 0.0
Number_Cliques: 1428
Clique_number: 2
Clustering: 0.0
Edge_connectivity: 1
Betweeness: 0.0025706
Centrality: 0.280227
Communicability: 887412.582259
Density: 0.0026842
Diameter: 9.0
Eccentricity: 6.0
Pagerank: 0
Radius: 5.0
Square_clustering: 0.0336633
