Size: 682
Order: 631
Assortativity: -0.6381952
Transitivity: 0.0
Degree: 0.0034312
Coreness: 1.0
Number_Triangles: 0.0
Number_Cliques: 682
Clique_number: 2
Clustering: 0.0
Edge_connectivity: 1
Betweeness: 0.0032036
Centrality: 0.3390656
Communicability: 784117.189019
Density: 0.0034312
Diameter: 8.0
Eccentricity: 6.0
Pagerank: 0
Radius: 5.0
Square_clustering: 0.0183182
