Size: 4420
Order: 2000
Assortativity: -0.2337249
Transitivity: 0.0
Degree: 0.0022111
Coreness: 2.0
Number_Triangles: 0.0
Number_Cliques: 4420
Clique_number: 2
Clustering: 0.0
Edge_connectivity: 1
Betweeness: 0.0016748
Centrality: 0.2350381
Communicability: 2459036.43576
Density: 0.0022111
Diameter: 11.0
Eccentricity: 7.0
Pagerank: 0.0005
Radius: 6.0
Square_clustering: 0.1336553
