Size: 146
Order: 102
Assortativity: -0.5633583
Transitivity: 0.0
Degree: 0.028344
Coreness: 1.0
Number_Triangles: 0.0
Number_Cliques: 146
Clique_number: 2
Clustering: 0.0
Edge_connectivity: 1
Betweeness: 0.0379169
Centrality: 0.2163425
Communicability: 32.8818506
Density: 0.028344
Diameter: 10.0
Eccentricity: 7.0
Pagerank: 0.0098039
Radius: 5.0
Square_clustering: 0.3271318
