Size: 503
Order: 356
Assortativity: -0.547993
Transitivity: 0.0
Degree: 0.0079601
Coreness: 1.0
Number_Triangles: 0.0
Number_Cliques: 503
Clique_number: 2
Clustering: 0.0
Edge_connectivity: 1
Betweeness: 0.0081089
Centrality: 0.263717
Communicability: 307.4752872
Density: 0.0079601
Diameter: 9.0
Eccentricity: 6.0
Pagerank: 0
Radius: 5.0
Square_clustering: 0.0769482
