Size: 949
Order: 510
Assortativity: -0.4547851
Transitivity: 0.0
Degree: 0.0073115
Coreness: 2.0
Number_Triangles: 0.0
Number_Cliques: 949
Clique_number: 2
Clustering: 0.0
Edge_connectivity: 1
Betweeness: 0.0056101
Centrality: 0.2653703
Communicability: 10868.3003341
Density: 0.0073115
Diameter: 9.0
Eccentricity: 6.0
Pagerank: 0.0019608
Radius: 5.0
Square_clustering: 0.1557699
