Size: 408
Order: 313
Assortativity: -0.5510586
Transitivity: 0.0
Degree: 0.0083559
Coreness: 1.0
Number_Triangles: 0.0
Number_Cliques: 408
Clique_number: 2
Clustering: 0.0
Edge_connectivity: 1
Betweeness: 0.0064419
Centrality: 0.3429423
Communicability: 8407.1640303
Density: 0.0083559
Diameter: 6.0
Eccentricity: 5.0
Pagerank: 0
Radius: 4.0
Square_clustering: 0.0225657
