Size: 113
Order: 112
Assortativity: -0.7939271
Transitivity: 0.0
Degree: 0.0181789
Coreness: 1.0
Number_Triangles: 0.0
Number_Cliques: 113
Clique_number: 2
Clustering: 0.0
Edge_connectivity: 1
Betweeness: 0.0122645
Centrality: 0.4388314
Communicability: 180.1644929
Density: 0.0181789
Diameter: 4.0
Eccentricity: 3.0
Pagerank: 0
Radius: 2.0
Square_clustering: 0.018061
