Size: 562
Order: 306
Assortativity: -0.5615758
Transitivity: 0.0
Degree: 0.0120433
Coreness: 1.0
Number_Triangles: 0.0
Number_Cliques: 562
Clique_number: 2
Clustering: 0.0
Edge_connectivity: 1
Betweeness: 0.0078816
Centrality: 0.3032008
Communicability: 15250.250845
Density: 0.0120433
Diameter: 9.0
Eccentricity: 6.0
Pagerank: 0.003268
Radius: 5.0
Square_clustering: 0.2683724
