Size: 992
Order: 501
Assortativity: -0.4373968
Transitivity: 0.0
Degree: 0.0079202
Coreness: 2.0
Number_Triangles: 0.0
Number_Cliques: 992
Clique_number: 2
Clustering: 0.0
Edge_connectivity: 1
Betweeness: 0.005671
Centrality: 0.2676497
Communicability: 16254.1615456
Density: 0.0079202
Diameter: 10.0
Eccentricity: 7.0
Pagerank: 0.001996
Radius: 5.0
Square_clustering: 0.1590789
