Size: 142
Order: 121
Assortativity: -0.5158553
Transitivity: 0.0
Degree: 0.0195592
Coreness: 1.0
Number_Triangles: 0.0
Number_Cliques: 142
Clique_number: 2
Clustering: 0.0
Edge_connectivity: 1
Betweeness: 0.0168646
Centrality: 0.3419947
Communicability: 47.8282455
Density: 0.0195592
Diameter: 6.0
Eccentricity: 4.0
Pagerank: 0.0082645
Radius: 3.0
Square_clustering: 0.1521753
