Size: 365
Order: 300
Assortativity: -0.5626814
Transitivity: 0.0
Degree: 0.0081382
Coreness: 1.0
Number_Triangles: 0.0
Number_Cliques: 365
Clique_number: 2
Clustering: 0.0
Edge_connectivity: 1
Betweeness: 0.0065795
Centrality: 0.3519422
Communicability: 7439.3699281
Density: 0.0081382
Diameter: 9.0
Eccentricity: 6.0
Pagerank: 0
Radius: 5.0
Square_clustering: 0.20103
