Size: 2041
Order: 1000
Assortativity: -0.3392627
Transitivity: 0.0
Degree: 0.0040861
Coreness: 2.0
Number_Triangles: 0.0
Number_Cliques: 2041
Clique_number: 2
Clustering: 0.0
Edge_connectivity: 1
Betweeness: 0.0030481
Centrality: 0.2526666
Communicability: 336108.98115
Density: 0.0040861
Diameter: 10.0
Eccentricity: 7.0
Pagerank: 0.001
Radius: 5.0
Square_clustering: 0.1310421
