Size: 655
Order: 501
Assortativity: -0.5669456
Transitivity: 0.0
Degree: 0.0052295
Coreness: 1.0
Number_Triangles: 0.0
Number_Cliques: 655
Clique_number: 2
Clustering: 0.0
Edge_connectivity: 1
Betweeness: 0.0049749
Centrality: 0.2921727
Communicability: 5985.3310375
Density: 0.0052295
Diameter: 7.0
Eccentricity: 5.0
Pagerank: 0
Radius: 4.0
Square_clustering: 0.1103047
