Size: 111
Order: 108
Assortativity: -0.7872429
Transitivity: 0.0
Degree: 0.0192108
Coreness: 1.0
Number_Triangles: 0.0
Number_Cliques: 111
Clique_number: 2
Clustering: 0.0
Edge_connectivity: 1
Betweeness: 0.0274022
Centrality: 0.2583889
Communicability: 20.553374
Density: 0.0192108
Diameter: 7.0
Eccentricity: 6.0
Pagerank: 0
Radius: 4.0
Square_clustering: 0.0254341
