Size: 1544
Order: 1004
Assortativity: -0.529717
Transitivity: 0.0
Degree: 0.0030665
Coreness: 1.0
Number_Triangles: 0.0
Number_Cliques: 1544
Clique_number: 2
Clustering: 0.0
Edge_connectivity: 1
Betweeness: 0.0029153
Centrality: 0.26184
Communicability: 1449305.27272
Density: 0.0030665
Diameter: 12.0
Eccentricity: 8.0
Pagerank: 0
Radius: 6.0
Square_clustering: 0.0642419
