Size: 130
Order: 125
Assortativity: -0.5860926
Transitivity: 0.0
Degree: 0.0167742
Coreness: 1.0
Number_Triangles: 0.0
Number_Cliques: 130
Clique_number: 2
Clustering: 0.0
Edge_connectivity: 1
Betweeness: 0.0190464
Centrality: 0.3135212
Communicability: 79.0436836
Density: 0.0167742
Diameter: 8.0
Eccentricity: 6.0
Pagerank: 0.008
Radius: 4.0
Square_clustering: 0.0069168
