Size: 839
Order: 501
Assortativity: -0.5027735
Transitivity: 0.0
Degree: 0.0066986
Coreness: 1.0
Number_Triangles: 0.0
Number_Cliques: 839
Clique_number: 2
Clustering: 0.0
Edge_connectivity: 1
Betweeness: 0.0053054
Centrality: 0.2872541
Communicability: 896416.289664
Density: 0.0066986
Diameter: 11.0
Eccentricity: 7.0
Pagerank: 0
Radius: 6.0
Square_clustering: 0.130569
