Size: 342
Order: 341
Assortativity: -0.9128856
Transitivity: 0.0
Degree: 0.0058996
Coreness: 1.0
Number_Triangles: 0.0
Number_Cliques: 342
Clique_number: 2
Clustering: 0.0
Edge_connectivity: 1
Betweeness: 0.0035999
Centrality: 0.4641263
Communicability: 203640.403696
Density: 0.0058996
Diameter: 7.0
Eccentricity: 6.0
Pagerank: 0
Radius: 4.0
Square_clustering: 0.0041768
