Size: 4608
Order: 2000
Assortativity: -0.2034928
Transitivity: 0.0
Degree: 0.0023052
Coreness: 2.0
Number_Triangles: 0.0
Number_Cliques: 4608
Clique_number: 2
Clustering: 0.0
Edge_connectivity: 1
Betweeness: 0.0017539
Centrality: 0.2273221
Communicability: 1317627.82541
Density: 0.0023052
Diameter: 14.0
Eccentricity: 10.0
Pagerank: 0.0005
Radius: 7.0
Square_clustering: 0.1370955
