Size: 1337
Order: 1062
Assortativity: -0.5012144
Transitivity: 0.0
Degree: 0.0023731
Coreness: 1.0
Number_Triangles: 0.0
Number_Cliques: 1337
Clique_number: 2
Clustering: 0.0
Edge_connectivity: 1
Betweeness: 0.0023329
Centrality: 0.2938378
Communicability: 5030035.16871
Density: 0.0023731
Diameter: 8.0
Eccentricity: 5.0
Pagerank: 0
Radius: 4.0
Square_clustering: 0.0840644
