Size: 511
Order: 327
Assortativity: -0.7779223
Transitivity: 0.0
Degree: 0.0095871
Coreness: 1.0
Number_Triangles: 0.0
Number_Cliques: 511
Clique_number: 2
Clustering: 0.0
Edge_connectivity: 1
Betweeness: 0.0068934
Centrality: 0.3178524
Communicability: 402073.75753
Density: 0.0095871
Diameter: 10.0
Eccentricity: 7.0
Pagerank: 0
Radius: 5.0
Square_clustering: 0.5012921
