Size: 4269
Order: 2001
Assortativity: -0.297762
Transitivity: 0.0
Degree: 0.0021334
Coreness: 2.0
Number_Triangles: 0.0
Number_Cliques: 4269
Clique_number: 2
Clustering: 0.0
Edge_connectivity: 1
Betweeness: 0.001558
Centrality: 0.2481382
Communicability: 20869379.4466
Density: 0.0021334
Diameter: 12.0
Eccentricity: 7.0
Pagerank: 0.0004998
Radius: 6.0
Square_clustering: 0.13681
