Size: 467
Order: 331
Assortativity: -0.4378174
Transitivity: 0.0
Degree: 0.0085508
Coreness: 1.0
Number_Triangles: 0.0
Number_Cliques: 467
Clique_number: 2
Clustering: 0.0
Edge_connectivity: 1
Betweeness: 0.0090912
Centrality: 0.2590919
Communicability: 597.0865913
Density: 0.0085508
Diameter: 11.0
Eccentricity: 8.0
Pagerank: 0.0030211
Radius: 6.0
Square_clustering: 0.0713006
