Size: 962
Order: 501
Assortativity: -0.3378233
Transitivity: 0.0
Degree: 0.0076806
Coreness: 2.0
Number_Triangles: 0.0
Number_Cliques: 962
Clique_number: 2
Clustering: 0.0
Edge_connectivity: 1
Betweeness: 0.0064424
Centrality: 0.2435938
Communicability: 9895.1302992
Density: 0.0076806
Diameter: 9.0
Eccentricity: 7.0
Pagerank: 0.001996
Radius: 5.0
Square_clustering: 0.1647999
