Size: 148
Order: 101
Assortativity: -0.4968895
Transitivity: 0.0
Degree: 0.0293069
Coreness: 1.0
Number_Triangles: 0.0
Number_Cliques: 148
Clique_number: 2
Clustering: 0.0
Edge_connectivity: 1
Betweeness: 0.0423922
Centrality: 0.2000316
Communicability: 34.5123579
Density: 0.0293069
Diameter: 12.0
Eccentricity: 9.0
Pagerank: 0.009901
Radius: 6.0
Square_clustering: 0.3570367
