Size: 1844
Order: 1000
Assortativity: -0.4564111
Transitivity: 0.0
Degree: 0.0036917
Coreness: 1.0
Number_Triangles: 0.0
Number_Cliques: 1844
Clique_number: 2
Clustering: 0.0
Edge_connectivity: 1
Betweeness: 0.0028822
Centrality: 0.2630386
Communicability: 740151.159495
Density: 0.0036917
Diameter: 10.0
Eccentricity: 7.0
Pagerank: 0.001
Radius: 6.0
Square_clustering: 0.0884709
