Size: 535
Order: 300
Assortativity: -0.7226282
Transitivity: 0.0
Degree: 0.0119287
Coreness: 1.0
Number_Triangles: 0.0
Number_Cliques: 535
Clique_number: 2
Clustering: 0.0
Edge_connectivity: 1
Betweeness: 0.0100719
Centrality: 0.2579367
Communicability: 3682.0876534
Density: 0.0119287
Diameter: 11.0
Eccentricity: 8.0
Pagerank: 0.0033333
Radius: 6.0
Square_clustering: 0.4762753
