Size: 630
Order: 522
Assortativity: -0.4318536
Transitivity: 0.0
Degree: 0.004633
Coreness: 1.0
Number_Triangles: 0.0
Number_Cliques: 630
Clique_number: 2
Clustering: 0.0
Edge_connectivity: 1
Betweeness: 0.0053587
Centrality: 0.2785496
Communicability: 39786.6569037
Density: 0.004633
Diameter: 11.0
Eccentricity: 8.0
Pagerank: 0
Radius: 6.0
Square_clustering: 0.0302006
