Size: 2018
Order: 1000
Assortativity: -0.3260365
Transitivity: 0.0
Degree: 0.00404
Coreness: 2.0
Number_Triangles: 0.0
Number_Cliques: 2018
Clique_number: 2
Clustering: 0.0
Edge_connectivity: 1
Betweeness: 0.0032032
Centrality: 0.2443914
Communicability: 302314.516867
Density: 0.00404
Diameter: 11.0
Eccentricity: 8.0
Pagerank: 0.001
Radius: 6.0
Square_clustering: 0.1262346
