Size: 725
Order: 530
Assortativity: -0.7389441
Transitivity: 0.0
Degree: 0.0051717
Coreness: 1.0
Number_Triangles: 0.0
Number_Cliques: 725
Clique_number: 2
Clustering: 0.0
Edge_connectivity: 1
Betweeness: 0.0042233
Centrality: 0.3137297
Communicability: 32393.7195754
Density: 0.0051717
Diameter: 8.0
Eccentricity: 5.0
Pagerank: 0
Radius: 4.0
Square_clustering: 0.021454
