Size: 540
Order: 325
Assortativity: -0.7520816
Transitivity: 0.0
Degree: 0.0102564
Coreness: 1.0
Number_Triangles: 0.0
Number_Cliques: 540
Clique_number: 2
Clustering: 0.0
Edge_connectivity: 1
Betweeness: 0.0057275
Centrality: 0.3604667
Communicability: 252528.488192
Density: 0.0102564
Diameter: 6.0
Eccentricity: 5.0
Pagerank: 0
Radius: 4.0
Square_clustering: 0.1465947
