Size: 113
Order: 102
Assortativity: -0.4753303
Transitivity: 0.0
Degree: 0.0219375
Coreness: 1.0
Number_Triangles: 0.0
Number_Cliques: 113
Clique_number: 2
Clustering: 0.0
Edge_connectivity: 1
Betweeness: 0.0216676
Centrality: 0.3275407
Communicability: 24.2178168
Density: 0.0219375
Diameter: 7.0
Eccentricity: 5.0
Pagerank: 0.0098039
Radius: 4.0
Square_clustering: 0.0494529
