Size: 755
Order: 502
Assortativity: -0.5061924
Transitivity: 0.0
Degree: 0.0060039
Coreness: 1.0
Number_Triangles: 0.0
Number_Cliques: 755
Clique_number: 2
Clustering: 0.0
Edge_connectivity: 1
Betweeness: 0.0052235
Centrality: 0.2825257
Communicability: 5103.7069072
Density: 0.0060039
Diameter: 8.0
Eccentricity: 6.0
Pagerank: 0
Radius: 5.0
Square_clustering: 0.1370434
