Size: 376
Order: 364
Assortativity: -0.944678
Transitivity: 0.0
Degree: 0.0056913
Coreness: 1.0
Number_Triangles: 0.0
Number_Cliques: 376
Clique_number: 2
Clustering: 0.0
Edge_connectivity: 1
Betweeness: 0.0054023
Centrality: 0.3412524
Communicability: 4845.5428357
Density: 0.0056913
Diameter: 6.0
Eccentricity: 4.0
Pagerank: 0
Radius: 3.0
Square_clustering: 0.0071932
