Size: 116
Order: 110
Assortativity: -0.5979908
Transitivity: 0.0
Degree: 0.0193495
Coreness: 1.0
Number_Triangles: 0.0
Number_Cliques: 116
Clique_number: 2
Clustering: 0.0
Edge_connectivity: 1
Betweeness: 0.0264356
Centrality: 0.2677668
Communicability: 25.4228814
Density: 0.0193495
Diameter: 8.0
Eccentricity: 6.0
Pagerank: 0.0090909
Radius: 4.0
Square_clustering: 0.0360598
