Size: 2132
Order: 1020
Assortativity: -0.3154063
Transitivity: 0.0
Degree: 0.0041024
Coreness: 2.0
Number_Triangles: 0.0
Number_Cliques: 2132
Clique_number: 2
Clustering: 0.0
Edge_connectivity: 1
Betweeness: 0.0032692
Centrality: 0.2366996
Communicability: 60889.3322337
Density: 0.0041024
Diameter: 11.0
Eccentricity: 7.0
Pagerank: 0.0009804
Radius: 6.0
Square_clustering: 0.1259596
