Size: 2226
Order: 1000
Assortativity: -0.2218197
Transitivity: 0.0
Degree: 0.0044565
Coreness: 2.0
Number_Triangles: 0.0
Number_Cliques: 2226
Clique_number: 2
Clustering: 0.0
Edge_connectivity: 1
Betweeness: 0.0033155
Centrality: 0.2374734
Communicability: 69680.3173414
Density: 0.0044565
Diameter: 11.0
Eccentricity: 7.0
Pagerank: 0.001
Radius: 6.0
Square_clustering: 0.1419195
