Size: 352
Order: 300
Assortativity: -0.4782636
Transitivity: 0.0
Degree: 0.0078484
Coreness: 1.0
Number_Triangles: 0.0
Number_Cliques: 352
Clique_number: 2
Clustering: 0.0
Edge_connectivity: 1
Betweeness: 0.0086736
Centrality: 0.2892157
Communicability: 804.2598496
Density: 0.0078484
Diameter: 9.0
Eccentricity: 6.0
Pagerank: 0
Radius: 5.0
Square_clustering: 0.0860025
