Size: 909
Order: 526
Assortativity: -0.5820598
Transitivity: 0.0
Degree: 0.0065834
Coreness: 1.0
Number_Triangles: 0.0
Number_Cliques: 909
Clique_number: 2
Clustering: 0.0
Edge_connectivity: 1
Betweeness: 0.0049939
Centrality: 0.2828233
Communicability: 98889.746302
Density: 0.0065834
Diameter: 10.0
Eccentricity: 7.0
Pagerank: 0.0019011
Radius: 5.0
Square_clustering: 0.0924098
