Size: 911
Order: 501
Assortativity: -0.3687598
Transitivity: 0.0
Degree: 0.0072735
Coreness: 1.0
Number_Triangles: 0.0
Number_Cliques: 911
Clique_number: 2
Clustering: 0.0
Edge_connectivity: 1
Betweeness: 0.005944
Centrality: 0.2603181
Communicability: 21165.8959789
Density: 0.0072735
Diameter: 10.0
Eccentricity: 7.0
Pagerank: 0.001996
Radius: 5.0
Square_clustering: 0.1296048
