Size: 582
Order: 300
Assortativity: -0.5615757
Transitivity: 0.0
Degree: 0.0129766
Coreness: 2.0
Number_Triangles: 0.0
Number_Cliques: 582
Clique_number: 2
Clustering: 0.0
Edge_connectivity: 1
Betweeness: 0.0075058
Centrality: 0.3197449
Communicability: 34386.8107845
Density: 0.0129766
Diameter: 9.0
Eccentricity: 6.0
Pagerank: 0.0033333
Radius: 5.0
Square_clustering: 0.1298072
