Size: 2886
Order: 2007
Assortativity: -0.352621
Transitivity: 0.04539
Degree: 0.0014337
Coreness: 1.0
Number_Triangles: 1.0
Number_Cliques: 2155
Clique_number: 6
Clustering: 0.1593743
Edge_connectivity: 1
Betweeness: 0.005721
Centrality: 0.08158
Communicability: 688.0219956
Density: 0.0014337
Diameter: 28.0
Eccentricity: 22.0
Pagerank: 0.0004983
Radius: 16.0
Square_clustering: 0.0231423
