Size: 3236
Order: 2034
Assortativity: -0.2731157
Transitivity: 0.05008
Degree: 0.0015651
Coreness: 1.0
Number_Triangles: 3.0
Number_Cliques: 2236
Clique_number: 10
Clustering: 0.1828302
Edge_connectivity: 1
Betweeness: 0.0049124
Centrality: 0.0956541
Communicability: 46619.6443834
Density: 0.0015651
Diameter: 29.0
Eccentricity: 22.0
Pagerank: 0.0004916
Radius: 18.0
Square_clustering: 0.0201949
