Size: 110
Order: 103
Assortativity: -0.5861056
Transitivity: 0.00949
Degree: 0.0209404
Coreness: 1.0
Number_Triangles: 0.0
Number_Cliques: 99
Clique_number: 3
Clustering: 0.0802051
Edge_connectivity: 1
Betweeness: 0.0205691
Centrality: 0.337196
Communicability: 40.6455879
Density: 0.0209404
Diameter: 6.0
Eccentricity: 5.0
Pagerank: 0
Radius: 3.0
Square_clustering: 0.0146181
