Size: 801
Order: 544
Assortativity: -0.5405166
Transitivity: 0.03721
Degree: 0.0054233
Coreness: 1.0
Number_Triangles: 1.0
Number_Cliques: 575
Clique_number: 5
Clustering: 0.2067027
Edge_connectivity: 1
Betweeness: 0.0057551
Centrality: 0.2494001
Communicability: 2404.8932755
Density: 0.0054233
Diameter: 9.0
Eccentricity: 6.0
Pagerank: 0.0018382
Radius: 5.0
Square_clustering: 0.0074549
