Size: 330
Order: 308
Assortativity: -0.4029579
Transitivity: 0.00629
Degree: 0.00698
Coreness: 1.0
Number_Triangles: 0.0
Number_Cliques: 300
Clique_number: 3
Clustering: 0.06854
Edge_connectivity: 1
Betweeness: 0.0170272
Centrality: 0.1672149
Communicability: 372.1941088
Density: 0.00698
Diameter: 15.0
Eccentricity: 12.0
Pagerank: 0
Radius: 8.0
Square_clustering: 0.0039292
