Size: 2505
Order: 2003
Assortativity: -0.3491893
Transitivity: 0.01496
Degree: 0.0012494
Coreness: 1.0
Number_Triangles: 1.0
Number_Cliques: 2060
Clique_number: 8
Clustering: 0.0918563
Edge_connectivity: 1
Betweeness: 0.0075085
Centrality: 0.0662127
Communicability: 120042.659884
Density: 0.0012494
Diameter: 44.0
Eccentricity: 33.0
Pagerank: 0
Radius: 22.0
Square_clustering: 0.0136194
