Size: 330
Order: 101
Assortativity: -0.4126197
Transitivity: 0.30521
Degree: 0.0653465
Coreness: 3.0
Number_Triangles: 15.0
Number_Cliques: 113
Clique_number: 9
Clustering: 0.4542655
Edge_connectivity: 1
Betweeness: 0.0151495
Centrality: 0.4085755
Communicability: 3578.1967002
Density: 0.0653465
Diameter: 5.0
Eccentricity: 4.0
Pagerank: 0.009901
Radius: 3.0
Square_clustering: 0.1219442
