Size: 1040
Order: 611
Assortativity: -0.7214769
Transitivity: 0.00954
Degree: 0.0055807
Coreness: 1.0
Number_Triangles: 2.0
Number_Cliques: 619
Clique_number: 6
Clustering: 0.4791185
Edge_connectivity: 1
Betweeness: 0.0020738
Centrality: 0.4488578
Communicability: 1393136022.52
Density: 0.0055807
Diameter: 7.0
Eccentricity: 5.0
Pagerank: 0
Radius: 4.0
Square_clustering: 0.0171935
