Size: 1647
Order: 1041
Assortativity: -0.468053
Transitivity: 0.10096
Degree: 0.0030426
Coreness: 1.0
Number_Triangles: 2.0
Number_Cliques: 1127
Clique_number: 8
Clustering: 0.1903725
Edge_connectivity: 1
Betweeness: 0.007313
Centrality: 0.1196002
Communicability: 427.8855584
Density: 0.0030426
Diameter: 21.0
Eccentricity: 15.0
Pagerank: 0.0009606
Radius: 11.0
Square_clustering: 0.0318261
