Size: 225
Order: 101
Assortativity: -0.3674334
Transitivity: 0.4002
Degree: 0.0445545
Coreness: 2.0
Number_Triangles: 8.0
Number_Cliques: 106
Clique_number: 8
Clustering: 0.2998427
Edge_connectivity: 1
Betweeness: 0.0348055
Centrality: 0.2325536
Communicability: 552.4357059
Density: 0.0445545
Diameter: 10.0
Eccentricity: 7.0
Pagerank: 0.009901
Radius: 5.0
Square_clustering: 0.1306865
