Size: 3190
Order: 2029
Assortativity: -0.2342084
Transitivity: 0.10391
Degree: 0.0015505
Coreness: 1.0
Number_Triangles: 1.0
Number_Cliques: 2102
Clique_number: 6
Clustering: 0.2197801
Edge_connectivity: 1
Betweeness: 0.0081056
Centrality: 0.0592922
Communicability: 89.9275741
Density: 0.0015505
Diameter: 42.0
Eccentricity: 33.0
Pagerank: 0.0004929
Radius: 21.0
Square_clustering: 0.0530546
