Size: 401
Order: 374
Assortativity: -0.4982176
Transitivity: 0.00432
Degree: 0.005749
Coreness: 1.0
Number_Triangles: 0.0
Number_Cliques: 374
Clique_number: 4
Clustering: 0.0395136
Edge_connectivity: 1
Betweeness: 0.0080958
Centrality: 0.2548708
Communicability: 1455.4724926
Density: 0.005749
Diameter: 8.0
Eccentricity: 7.0
Pagerank: 0
Radius: 4.0
Square_clustering: 0.0007618
