Size: 1487
Order: 1019
Assortativity: -0.2618503
Transitivity: 0.02346
Degree: 0.0028669
Coreness: 1.0
Number_Triangles: 1.0
Number_Cliques: 1137
Clique_number: 10
Clustering: 0.1479054
Edge_connectivity: 1
Betweeness: 0.0036656
Centrality: 0.2150118
Communicability: 41098.7153556
Density: 0.0028669
Diameter: 10.0
Eccentricity: 7.0
Pagerank: 0.0009814
Radius: 5.0
Square_clustering: 0.0128801
