Size: 620
Order: 554
Assortativity: -0.6076512
Transitivity: 0.00689
Degree: 0.0040475
Coreness: 1.0
Number_Triangles: 0.0
Number_Cliques: 552
Clique_number: 4
Clustering: 0.0764161
Edge_connectivity: 1
Betweeness: 0.009269
Centrality: 0.1676273
Communicability: 779.1741577
Density: 0.0040475
Diameter: 15.0
Eccentricity: 11.0
Pagerank: 0
Radius: 8.0
Square_clustering: 0.0037552
