Size: 1555
Order: 1011
Assortativity: -0.3207789
Transitivity: 0.05231
Degree: 0.0030457
Coreness: 1.0
Number_Triangles: 2.0
Number_Cliques: 1111
Clique_number: 6
Clustering: 0.1915798
Edge_connectivity: 1
Betweeness: 0.0082661
Centrality: 0.1085641
Communicability: 1202.4156872
Density: 0.0030457
Diameter: 21.0
Eccentricity: 16.0
Pagerank: 0.0009891
Radius: 11.0
Square_clustering: 0.0368135
