Size: 334
Order: 301
Assortativity: -0.6454802
Transitivity: 0.00545
Degree: 0.0073976
Coreness: 1.0
Number_Triangles: 0.0
Number_Cliques: 300
Clique_number: 4
Clustering: 0.0797102
Edge_connectivity: 1
Betweeness: 0.0074542
Centrality: 0.3151904
Communicability: 1224.9197863
Density: 0.0073976
Diameter: 7.0
Eccentricity: 5.0
Pagerank: 0
Radius: 4.0
Square_clustering: 0.0175926
